1P5HHib4C3QyZHkioMa532hTvCgxfX5aHq	645
bc1qjc7cs6v58h440jg40g6m7cfpxsd9zprge3v8ra	645
bc1q5g2kahnqh3cak3smc0ls00f782dq2cl292apva	645
1B4jPo7SY7wCM3995n5DFJYDEHWJBCJZdT	645
1DDdtDJFt7trRdJCULUzkU3fvUJ46qjvwg	645
1DQEthqMNNrLVwrA8bSjZ3wvkstv7K5B6o	645
bc1q2h3ydm6xvv8xkysu978xjag5eqh7jewcmw3ruq	645
1PeK4v21YWj8qYGQNKG8ytEftGd8Y7btAQ	645
1BPfD7qMabzAdY2LPjs4B8RVucP9g1eXXw	645
1P9TJLXwrDRkHXoq1A9km1kqJyGLcKzmsm	645
1GyerVG6oaSy37yTH3ex984drb78QLwB1y	645
1QLLBwHDYXWL1KA4uMEJTPHeBTwEays19	645
bc1qz4kn0d67gl9e0aa3j3eapmcmre9yu9rwpjl3p0	645
15cFNRZV3PrfjFTQM1YtBotQCnifuCcHZp	645
1DR9LT5iTy4PQw7j2dWVH3Aes4dsxmXpVs	645
19DzWanr9qdSZGNbx9k6kjuP9V4k9ZHjfu	645
1Q1w7hr9CjRXysp3kGeFeWa1AZWhX97in	645
bc1qf93lay7e9t87xj68fnmgxq76x83v6can7292x2	645
1BmkndYTtgVQwc63pMLY1CMnUNrSuf4JLZ	645
1MzJhCNoZRLGWvbwLoHUpNsBJKR4QZC6Qh	645
1E5QpTvYqQmA1SFgbXTwWkMN9esDFrYprE	645
1EeV7HewTpguQ2RT349jFkARW2MpXspYvY	645
bc1qauuhwvhdrhpdc5t76h3v5ganeh8yxr6gl92lhh	645
1Hwz1GM2kLZjP3hnGmxfVdQk6ND1yU7eD6	645
bc1qdpzndm99ypdjr7z5demd6e066gw8tm9lr8td5p	645
17GRwPaeM2fB8qYssBzfTQrMtDvMpkbLty	645
bc1qwm3pw52rg0ffjsxgs8cp60dcswjgrq99zknrxf	645
17SwTZBZemaN6pDdw2FYTjWgrfatoKMFnS	645
bc1qfzkdsfy9e7fr22v0mjswmcy3hyq338pvgsxrqr	645
1BsAvYkeUsqcvrytBAwEccTFaGqXeqDkj1	645
bc1qh7hfskz4l35k29q56ln9vffxeh4hpqxara9xvf	645
1PYVuA7F4P7HNgvWWoQSUHq88y5PD5VwQ5	645
1vt9ZmrNMyKxERuc4aWDpDPyjVYnq6uUE	645
14dmCfwDavtyXVKRa2Ersc4QBTun2t6jRC	645
18MA5cKWM2tL7KVGoeG1oR7n39qWuXdRRh	645
bc1q520r6dmjsd0p8ynwtwy79gqmdcgq4778q4g875	645
1N8r1k6AeKewVNX3FXqLvmEfTJ6sZvWpfV	645
bc1qjpn3deh0ra5g7gysxu8qxwjp5s646dc3hzxunq	645
bc1qudvw8r2thx3dgxqd7jlvk8wz8svd0edvf6chaf	645
1MaDJkDcVoxTY26EqdAqFsF54tTuncPnK7	645
14vLK5722HJV5v82VDnPDJgGFbjGhYdmhE	645
1P2DGNdYwe8cXmC7FhyNKSNV6xEmLVbt8J	645
13wpui7PauGr5fPH88BPvP4wY7BDcj9PBd	645
38gagWCj41Zc4ueUJE8fjwhNMNCJzqtMgC	645
1FWX2nyoVPatxQ51LkNtcU1bzu9zQ9Khz4	645
bc1qmmapk3g4dxa3rg2anejzfgnr896qmlg3k4zafs	645
bc1qdx3rx0gxd3zg9s0svgkpg0wct9ugay204a82v8	645
1AXESi239X7bpfydpQ8eKNhLTfhiQu5gjA	645
bc1q4q76rf6cx82e6c0d5y0g3myeye695c2nlcxyke	645
3MuAQNA6rJtvgcJGy3M4sVq1pVSLXFAtQV	645
1PMbFm9BHyYa1DRkJfrHcu1jfrs45N6KDi	645
1DBowJATDjoXMWNe87xrqiRzTU7CurDJaG	645
1Ju8oYVtzAaWS7hgTxqrTkSWnAB5hmv7QC	645
bc1qwshxukn5a67t6770fvxk0s2ptdyzn00cjehst5	645
3J566tAVq6rR7sbbjgZmXJYdHK571t1FcL	645
1HbU2DVyDiY4zq1C6nwFyvHGqWTdcY2rsm	645
15cXjcXVR1fyBEYhk5tjKFPVYYgXVrpMhh	645
bc1qr59edf4xl567tzh5pnp5hv06mu8aa40eym0x0d	645
bc1qaz3r7x8ke774ad0em3cmwshr5082vgeutqg06j	645
1LG4modF9KW6AfJh7JBLnDybmiYrkU6553	645
bc1qtutfcrvnw5fm6r0khmexq0lacl52f6273wjjum	645
3Bg2Mt3jBfo5Yukbw4j41XSSkMKswBjnqk	645
bc1qvqdckg77klss4q5uhnrzpp80n2z82sux8prdn7	645
16Mzku2GpEnqSAWicGVc9S9PN8KbAUXPkj	645
18SLdeLfihSRcYevraxmp6xj2oceSFLhiP	645
1Gkt2ybkGB81hcXxWUFmzL2EvMiMtk45d7	645
1BcjsGYCutSkL9K4ufj6NMV2UxLHPGDycp	645
18bmHvhtR3t2zFxUuRBcU7Cpae7r8LiNB1	645
bc1qn5glcvwys8jsq6fs8k5fuzx6xa6j6ee4t4mghk	645
13SHWg9LXjSHJwKnjHQmhQ4w3GRN4XrTJe	645
16AohdY86oLF1RjRrsDPztqF1SomNN4EbZ	645
1JJgqNB3DAmVeiQa5V3YboMyoxTVdJqdF5	645
185atcWn6B6wc3BXtf4XjXEARrhjXe2eZ1	645
1PYTnT8y49kkrP9L154qGLze8Q9wdub6qe	645
bc1q36stxe6fvp928t4fhs29z09mmws3au2u9rjazu	645
18SEpRQEabSiSY32RPZiY2jxGDKD1E3vzR	645
3KYXhmFXY6wE16jKrELbXy6iXHxECV4Ru3	645
1KwEgRAd9EnYSJx2TwT2VYpkfgveUETGHL	645
bc1qxkvflkyjlkfjlrrfyhte7v40j80mdg0p8zsef2	645
bc1qqeldwz9n7498nf9jkdqkwwlzf0lk4mtwy0w5mq	645
bc1qtjjksgex0xjqv9c5vr6kp7a040fvpmye9aw8qc	645
3QVXy1ezi7A4JeiY4jA4mUMrBpKhQyRaGe	645
1HyrwfiHxQ82LLtwkME8KkW1k7FTZbeHjK	645
17q5jyivJaQim4ZcmwwuWHsfJSG2JjD9SH	645
bc1qu8hyw860gc6jmyj59ml66xu98w8kraq769nds6	645
1NKmSxjZgiz5naLV1jTfXvQmBNwtcyjgVZ	645
1LCCiMaErSPfjueUWbsTVReLXXErcWm7Kz	645
13MbHjSKL5QP2mKv5rzQPAzCVGLbKSV7Pe	645
1J8AjkptEB6EUNjBn3QBsdiL6TXK9AYgK	645
1ADaUBratUEZJ5LZUaN8A7Y6JLNLtXAf3U	645
1JER5RmbKVvCMt9FLp69iW5PLZwRhSnMQd	645
1L1sJHjFjLwKtnxXdavCvdpTXKGp2UmgyR	645
bc1qx6rnawgl9h04kp07vqk79gqa4j45df7ew4g90h	645
1JnToopQ55kvtNrnBv1WRXEXDUhc1MZJjZ	645
13kQdK6Kme1cY8g5aatdbvsedQuwbonraw	645
1HwMmB4WR6Cee4xCShVDksE5sgSfPD4338	645
bc1q4dlgycuvlg2pac0pav6mc9wyhjcgu67mw9qn6g	645
1Ep5LcPnV3rAJD926z3Nw8zp1tmXMYcXW1	645
141J37o6kcuXTQFTRrc6w62MqkaC3P3Q33	645
1G9Fy186zgK5LUf7owC5qMWAUkNWW4Ztsi	645
19sE1T2HNVbDYFspN9MZjkCx82pkdbk8GV	645
bc1qaumg3df4n6aruewdelvmzgnw6jnsd6u0x70lq2	645
15qP41t5A1fUcN2Ais4fREu8BfE3AbMQgP	645
bc1qna9pf7zt6qfwhrrv3zrdqf6vd2aju7t2e5x3ym	645
16UDaAj9VguurLSnPsuqbimGvBzoP19yMF	645
1C88LHR5kyr9Af2x616voMSn3x9ZghAdUk	645
bc1qdekytp99ug9crudlcpwltdhyhytn2ek6j97s5f	645
bc1qv5a3u3km3uyjqycenp8zq2p0gyky98v6gl53ek	645
1DjMCMBLFkJkw3uJt2SEbvNM8xsceYmB73	645
1NfC4YwAyJBMiZ2JwhjDJU4RhDrqjHrGy3	645
16mmRLHVuKqwVvTYY2KRAEUBq4npYyH7qy	645
17VHYTYgJpx6esDpqRu38UcNzrhAtt7N8z	645
17A6dSWGm6YLQwvhdGR6LcXjUnb7u1W82A	645
3QHfUyHm26cdPB8DQtTP6FVuEDs2qppsop	645
1Ea95wS3fWwgWnkuQhiqz4EwpYVaA9EqGe	645
1Gv7Y3ZuynvSRK7Gg3XU5tzthonw372dNE	645
1HqwwLVgKKzzH2u5DMQ7UznSXAKj9VkATz	645
14UZStM1AMB8Lp918D8oZSCebLaQaBWoeW	645
bc1qrn34muzwuezwlgsn97t6688nfj546wjwmwkgvn	645
bc1qrntz7aqsj4s906u96deh4ykl3n8cd40kk9w3ke	645
bc1qpf2wu99nw3qnpcywkyh05a2dfexks6qfc2nllw	645
1PrGcSK3WvZasY2nNZ74jTYCDfkNv82P86	645
18zJTnYqqaVZnTUvMCAQzGoQzvFBXTx9qN	645
3E9Tb8MScPZaBnjoGvrodXSbnm1npKygKC	645
12tPDFwx3m7wqbnWMrEZoQGwFGdsiGpP5p	645
12vyQkmQ6UQh5SKSR7UrEssU1CTjQaP9Qw	645
bc1qrmq2v532h83tdxnrm3y2v7uray07qmz0swn5fw	645
38GXCdLi4SQKvUFELfgkaUMtHsRzc9FMYG	645
1Atyr5uXQkVYpv6yHqny1s4d9kswjP4bvg	645
32XzS4iKvtQErYmz1KNnf9wA85hXgSPGCf	645
14KKSHgzo5mdWs4A19hyb7Cd3NVeaCsa3b	645
bc1qmzmveyf27r6xaak8kdenrxwyz97mqme34m0rdl	645
197ZQ4tCuWfj6P3FXLRQZJz2TM9CCq5gLk	645
bc1qd28a4rng0gnww6e0dwhcvy6z2prte2r9frre45	645
bc1q7vmq68d8jv5h6st3jd48nq6v0rxaa3na5fc5f4	645
1DXXiuAs9YuGTdRX1KnLxtU2P6qfcFXpsm	645
18He9HtF4wgw8t4UHsUr8SmXBcrbnVLvVA	645
1Lh6JU56kri9QZpKu6GKPRQp7DhXgvB91b	645
bc1qv4h5edm3yyhxpp544gsxx8a0z257s4s4m3c4mm	645
bc1q78qcc8q55frtcahl0g7tyzxkspvejl89kp55dg	645
19Ung9ob8twPLdQjCBsVowFpYV2mCtrSEs	645
1GT8NvnmxmXsbijRqFjP792vYAn231NAKB	645
bc1qzcnkau8cda7mnyluc45zj2m7d8dkgfd3pyc25n	645
bc1q8u4csfllpqnvjl20h6kd0v838a8xauxnj8wlh6	645
37RgL9xwddoed2eaxobJnYV17uBodxa43z	645
bc1q3xn3c2gthptqtm8rnf3kupp4mw0j00a629ttng	645
1PEpXdstWCfvdjxTxFPM58tQ2uNbCdfyUU	645
1L6zpV4jb7p6bBDVgct6M7ciskxLKsQPZ9	645
1AYK3vSS2HuHMPNE4LYbSWiZSSa7aTBpeR	645
14H8HhqzsqXwfXArxVwXWsvzCCjY6gHETd	645
1AZKjzQvo8dCRCRxU2Ntm8jwusTHT7qVDt	645
bc1qtevt6aupxf6nvhxtwkxlkq2uva0hgml98c8gnz	645
13GdjeoWNJSbwrh2Xup8HRE72ExxJD7Xkf	645
135sK7CC8W8jjKEyE3MkDZWMqM7Skk4CmL	645
1NZqZQXWBN4hWUBWPiNxhXBBt3ZeLFtfif	645
bc1qs04mrr0682zy56u7trj25jj06tzct4d9jj39d5	645
1QAkVdfFVcF8AdiqXZfVCUWu9gRbWRvBgX	645
3H2AdubmEogEFgLydfZP7h6qujfo197TW4	645
16xC1cUKsi2FgdQzUifMbXN1228LenVkZs	645
bc1qksxalf7cu3d9pc3gcmf2p54n67uq39u9cghatv	645
bc1q0y7h7qzagfy6dzx7lcs9a7klvxy2xxk47l6qjf	645
bc1qx2vxsme8s58vea0g96300v82y2vyml3v5hdrkt	645
1PE2L2dF1NqUJyNSxknNBy6msoRVctrDPY	645
19SZxWS686HeJyrZhB4wBE28TCwZufkWC	645
bc1qq9ty5wrnu3jklfapcf57xj7c7ntq336jah882g	645
1MVfvAxY73GFbFjakdbopw3pNBTuLF6WnR	645
1Pah23pG1e5NgvgnRCt7RLfbLoyJUPqWhL	645
1398hJsqdGqGxx331neSeKnkdEZWS5D7ed	645
158YgXRXHS8xb9sFtiSFvbsPis87HKxAo2	645
1NwDtRzvZ5chGrwAFJAb6FvRPNvimffTGE	645
bc1qg6e06mmzzx3tkklc0njd5ml8zfgsn73ykp36za	645
1LR4osMfFuPvnV77xvpEwyG8hwzZ5n5Fab	645
1EcZFC9KJqxq2LQ769FFRdS2bttUSQHsRD	645
bc1ql6d73emfvq20xhnmjqnuhtpltx4m7ztkkhppc3	645
bc1qs93a8gcv9jenuhx5cj9eq98r9yfjy5hapk5p9u	645
1KUbbxDBkhT6XXsZSUJdihdeBFTnX7xYjG	645
bc1qs6ahugh7y85nmfls7lt4zyn86t22yaapuml68p	645
18ti3SubT8ey4dpeyNHbRwaAeNGtgPssow	645
bc1qcgef5t826lfc53akxztlp24sfckwp3snzd3aee	645
1M2HsKb8PipAXdjL2sw2MTgob6xbUVYqHc	645
bc1qe04yeyqzrhsfwu0mrc8098k53yy2pf90gvhf22	645
bc1qhr0sa7fk4prtqlxzuvzm2l50h8ts4jcaykhnxu	645
17vSVVLf6wvnziKtyQpwjqV2RCdw3VGDK9	645
bc1q88x9vphq35kwqfdkkhcyt636zvhfwsj4r0wtjr	645
19nusfZMv16KEBjfAXXLtP1g12u1MsBXon	645
3JVFiiKXXr6NUsBRVov5HH38r82MwGayiD	645
1PBnXaaa8Z5sGYF3nBmjqCrw8L3WyTEjzv	645
bc1qtpnd8r4ztsdv58e7pq0g5y653hctfhz993amhm	645
18A6FiDMmgewW88kLGhNYM9SHfy4uNpGnY	645
1dE6GHBb3Bukm3k6rMCJ5QXkJJqrW1fa4	645
1E8BstrhzXfgDFXzWwSajjXcLzHbqyeYRV	645
1G2BMFLPQJJeo4dFfohZpXNwgxT4XyvGaF	645
1YF7uAxKigkVe9kJB33CqHomtG2iPYWdw	645
1K3h8ibe9HdvRfMvUXgVw9oWqqVVd9BeQP	645
1NGSCy21Z3vgJZsyjcqMy2NGf43sQsZfS2	645
bc1quf0y4meyr88d6tuw7rf8vfjkw0yq08pdqqkyas	645
bc1qeruztus5k854t5mg3cuzf0f4t874wgnww0kur4	645
bc1qcycgpfascktwfryj54sh74x93xmx0skksm6cdx	645
1K9nL19hmHUqdHQbSrF2dFbudqh8MdT7xz	645
3H22UQcL6PShyrHRD7XLderG1dWswNmh6V	645
1N5tYojW5XrJUmEGNgGoUCJjWxUEdRN9UA	645
bc1q8jt2gdr0a8dphqjzl8ymjk9tuvwrxp778yh9q2	645
1M9rvtRSbj9sL12eKEyJyKanYATRvVdeB3	645
1G1VuTuoameFzHBhHjaqZMvR8nfiWeyeWU	645
1AncxYJJUSf9DrMFHFFN6z6vvd99orbtss	645
1HEaWh8sNLREvHUXSYFXS6u16a4HyoQ63M	645
bc1qj6dr7u646rhv25vcgxnzggpxdumk0hp873uq2x	645
34d5z9jwUcQq7Pba7s9J1QwjbTHuzWEKQn	645
1MwHAPn863Xf1kPdEyYN6tc2MS2zXcdGWs	645
1wRVYRW52Ppj4riTezGGA1DF2v13UU3DW	645
bc1qnfj6fn3qgyrppnzs8kwdsr9gej57hzrslkszje	645
bc1qll0ygdrf685nfz8wpgprzjefvwqr2x28ndgl79	645
1NKqcmaZmrLv8ok1eggjyHBUpT9bpC9jTV	645
1GHfZGjxsB8oU5T9BosVP3L1NF86r4YSZ9	645
bc1p570rs74cl4a8cnn6dp4f06jj9u6yv2h8r5hmgpcad28raru2w99s3d2vql	645
3PSYLv5tCag6718RACwCrzhfWZAFG5BGML	645
bc1qh5rs4p4qjzu5wvrznkh5twkd9rhpfepzvylcsg	645
18gGAqaLdr2DyV2KMsCsW9fVjzuRFxWddT	645
bc1qw9prj3yk3pg2gplq3utdkll6eqqag9v7yxs3rc	645
bc1qq9w7s7msnpxfhtl4xpy4acwrlz0asra4ce5rgt	645
1ACFRD1B4dNbUgR4ChMqpyLTQDEYcQcgxP	645
1AMwT7CyLWxCHfawr3ms9wtaYpeAJWH2nG	645
bc1qe69u4awdscr6mlgen2xfanynhx7ppc4cgrglty	645
bc1qapq89xzvhmd2w2n8tap484c2tu0s0g72lzh2al	645
1GZ8fEyciwtAMaLWXfPtCdsxctzyuRGgDZ	645
bc1qwglj0d5cxlq5l8laln0qnxsrytyyew28ltthgm	645
bc1qfuwuwuassdlepwllfa0mu6qy07ws90s2txruxj	645
bc1q9388cz99z9yhryafrpnsye37rfshy3mscvwx2h	645
1555grYCnkQqReFuimke52bFpyWETbcgoY	645
3CZh45Z11k8DsXHmZkbj6ef6TVYcos5CUW	645
bc1qxrxymsm8aj8gs5nv30ma0duf3fur250s9tmsfg	645
1FAXvb15sj5MdygL6WV5uhAHrrkh1N21iW	645
bc1qkuugd8mw203g9fdx9uv770jlclkffft9vxulcs	645
15KkdwQAY1enZgkPvBRRHMugJ9fXJZPiVs	645
1MsvJi2yuFKkeJHaTSSJE2moVG9y5VZejJ	645
bc1qgrn62crwujgfa4ze7ys34lnxdhz33jrld7zpz6	645
1FP45HGKbeP2a6SuQ4hi5pyV6C9ZkPETus	645
12krgG7KT8WewndUBc7MY46YtcW7ZakSt1	645
bc1qk2xdcehn8vkjg67agv7jqvedj8hh9p0tvt6ypd	645
3LkygqPNQdkNH79Jer2CneaCgvttChJYfk	645
1EHd8o217KHM1Dp9cjtvQ3JuPeH1TwzqZg	645
18Yj3f9BcxZArZ8FadLUZXmvYQEQ9fyMGh	645
12pPHT46FZJHXitGqDb6maYuknBukfYxgY	645
1Hqv7QgUbaonmdJo8Lwz8b2GTtX7gpkor9	645
bc1q4t595c4gudps4jycljqlcd6secp4xc739gyqlv	645
1J6z24yiN5XViYtREXLyfGUPbrSdFL9gAe	645
1QFbwrrG74sMDUTv2ATbNF7y1zrhnixbey	645
1LHkJw3Mtjd7aXjq5L5UzakvRPajAfCb8u	645
bc1q5z4pcfxfslf5x23nyr6ptyrlsqrshhnzf0t90c	645
bc1qfall8vsql84zjvu72txfnn58ddslnhya3k38ua	645
112BpJ235y3QgTixNUK2dXfzvFUhURPRQE	645
1EgAGCVWTyvAu723vmgimcJcBQ6SFeR94T	645
16jSRm2ahqQWnhb9KAih1BgjqWHTt25Cos	645
16z1H5jcVgoikmNm26Vp7DS7pqC82Rmg5m	645
bc1q5ddm508h85s73lgtdfvx0g352rvrew6f29sk9l	645
1J1xPXCLnrh2VEXV8aBnKu8vPjG2EM9k1Z	645
1MmW9RBNP9LfFVTxpuarnymuuobkqpyG7r	645
bc1qmjdtdq8s5ms46m0xz0qnjetl99uzvjmvlmvyrp	645
bc1qd54y533w85snqpnpnm0p9huq9s6qzj0mxzhqpj	645
115RQHv8jxY46HNZqUtWAKuFiSwZ3Codcb	645
1Pb7sWZjewy2W6HB88r9yo4wgUKwAPym16	645
bc1qyjehccgndz8l7d7l7c3rw9kl4fuha4gww6rp09	645
1BS1TZSJdRQAGBYJNuKruC9qfbU4K8Wf6j	645
1HKdYgcXK2h5Mu5Y2dMwnqk2iKbsNKH75X	645
19bQkTaPpukdWYu2BhFUTG2PVjUNJzyCAn	645
3MvW7BL4DBdcA7VKxi6gHUhQBwUPrga2CP	645
1BooaxZaBga6sM333xHfduVc6yXpqGmHeL	645
1Pn76YKQBx9LV6ajjLcYUdrB6eFcDxCcwf	645
bc1q2qek70f3lv78ntc86c7fl7vt6njgnqh8v3s5pp	645
15iHuEDu4cWix9ouqpEf111cYbxwTxxZfj	645
bc1qydz0r6gvuqvfa7765fcxg5vkz48pz7cdjjz7g2	645
1KJQrJh7VBiqKmbRGby4UECN97QGJ9RSw7	645
bc1q8cq7f2qmddtgj9tsn73rq0u7epzpd9au5tcfxr	645
1Hp2qm4mykQv5j6pqmZ8aYNkJUbV8wF8NB	645
37bPANdTMDvxdyzyuByjuhuXjKFQsfjZef	645
bc1q8pjyy4l6cqlc88fjdczdsvxt9h86d4s69rzqyu	645
1C4Tdzc4KT311QVSe2mjgVfBzXSh3PAnTJ	645
bc1q5phkmwrhxp0v72z4svexa4rs5za8nnzjuv87dl	645
bc1qwq98zd467sat3zhz3dpjv4dlyfz4n5uy0kzyay	645
1SFGBXcieZL8hZND7CUikWcGHARYBsgv8	645
bc1qgmj3j39uuu6pe9k2s87cqyjrmhmh847lcnuhkt	645
195Phh32W5jkec5KzBAsJaArRs7SKgDDtW	645
1KAcQbQrWzWXvvfzNwRt513Bu2FjJdBVCU	645
bc1qzeg065u5s75sg8pz4qd75343v4ftyeg5f6p79vc50yfelrjw969qyr3xxz	645
bc1q37qcm5ks480dvqxujncheyzhgcwf2wprv93s0d	645
12zJ9ukETxbJAVAw9JMB9GxYzXSKDZoRGT	645
15ZNoWGnhqrEXV3TrwkQKVnuRNCjnew5Lq	645
3CsEBZxUvLw2F2L3fCE4hDbvy3ssURYZYE	645
1CNVyGpUa1gB8DhcaP5HF2Gkx2Td7F8NPs	645
bc1qn9xc290ncz0zmh3l5eyvjpnletmm3d69pwjlxh	645
33yEQdM1chTwdJboZSecDwwe5xTLDSqDPD	645
1Boj94CipGuqGbBwJi6TN7nNiom5gQj5AT	645
1EpK76QSygaC6J1e3sch3E1yzAER219m52	645
18pDA5QzzS6qeodSfkQJksUpmY1bBVc9Zo	645
1JSvqP849jG3dVqx3TD6YNCjkvvegMfWR8	645
bc1quzet0gmw8rz6lq4n46fy6wgkn3cr9yqeg70yjx	645
12XYL2u7pcwx31rhL82zJxrUeM1aNfAoeo	645
1A14U6EWcfz9tPY5tZ4jyMHDTvAm2Xrt8k	645
1CJ12ucjXAe7hQuPfZz5VtHLFRdKRcyNnq	645
bc1qzh9ygxwwfef408czvg3p99czwgpfl3d4p0a5ud	645
19wNmmyFQ8Mbe298M4Qz3hJ2AcqVE4Z1Pk	645
1P5rt4ieMHHFMdC4t33dgbpJWGEDAGqaVW	645
17b5PXWkD15u5eJYmA6CZYHufXUgjPDW3a	645
1JYMUXfNAbh4wbmU4bgbkqPSRBxmYRyJBB	645
12XpqPSgUke2Nd15KJGDRFJsWts5W2hd91	645
1AEgubZxHTn1obqCPwmRCcvPm6XUYYwqQ1	645
3MA4QCRkakN9rsdBfk1cxtRn25SVBNfcht	645
16PFSQ7sxDpXLkn75VD6FX5a97wqNj7Cs5	645
1NhuAiQswdgahPNbZzpZP4vd52dUekCxL7	645
bc1qm6wy30da3wadfsy3y3fvfjngj4cpn0c9qus4q3	645
bc1qgp85guav5a52yl5ljlh4307mpnvp4jazealajj	645
1Na8zkYzUJGMRnDLXyJzfP7SKspzQCDedj	645
bc1q27jzd7zr09wpchyl53fz0wldyyuucnnkcg5j30	645
1CsiZva9ZK1Y6KjZwM8aSyRGqLHnM9JGLD	645
bc1q2hepww9ftpz0cv7tnnfzdkn9d7lmky0t9muyzd	645
1DwUzZgJCt44VJPDJtGSAVrDK3W3gRHh9f	645
17ytBLXCA4eKnSCCSBALUXjzuPXpyr2w1A	645
1AqLUFuhXdBCDDoc5N3rFWXckiS8dMXQBv	645
1LGmnbgju3MZf1ZjrNkeQWBGesRTNDvhu8	645
bc1qa2vwg6nd6dlf2grsggvy0y36vf2zygtyhz99f5	645
bc1qtvj2zxjd7xfqwv7e29nltcd7l5ynctyzgspaw9	645
bc1qg0ea2pmduf3vgs8at08chknqqr6ffmm6t3vd74	645
bc1qm0vke5vedgs4fnw8th62yk9n2smna2rhlaz9cy	645
bc1q9n2lxpdell3ssj6646rymany0cytqcw36ul8qj	645
bc1qnrg79vdu3mhv3f0g7xclymh75r60keytst42cx	645
3NdSYa7py5rV6HQCCHDsu1D2f3oAdGfkxg	645
3J5NWGvdBLJa5Y3i9Bsp75JQYntgHAAbMY	645
1Fx8YTvWceErpPyG7DuxmTsZSXYHeb4XRu	645
bc1qyspg6q3f92ndnwlmarcx2r8h3edr70h374fr33	645
17i1aJHMdc8NrEfwHEk2tuWwWDuJpxCmm2	645
17VktMVSw3Swtzxvu6rJfdCXa5J1BZSgjd	645
1H5BVsth9kCsaYe9VEChGVy6dLr47MhtLX	645
bc1ql4kc4znw3qu4tk0s9lqajhxs65yw5vszu92dzd	645
1He93bYxgWoxGPsw25g6nHZKgqWY3JtPWF	645
1FBnfKhihg12FGVPAzY2c7aE3kkpiSNckK	645
1QHobSCFCLZQqyVvaT1hwWN26SWh2Sxhpe	645
16wLCCEnVmqgLptP4FQRtonZxeQYgFxV7J	645
bc1qp8vses6mt9622jcy5svseq7w2m3lgp3s5tmysn	645
1Fnx3wFenJGqEbGdpJFYpkRYvaLMTntHc7	645
1JoYEDPN2aS4x4Yq1iH98AJZ8sjHgnfWhv	645
1NJJJwBTW8MAbsyYMsZSHJghyQYawexqSA	645
39dFUhd6Ed58bfhLvJ3aYrXQunA7hcUvEd	645
1Az9L1EVBLoKRDjoPKbHsaLP1V4EUGcDwP	645
1DPj2CbpG2vdZjM8JNr31sJoHJRDzNWcF1	645
18N7KNkce8U5RPSVeEvUydKQ7RKhcBMNtb	645
1GYF5g5iUpjUNihNUpXxc8g3R2YExrtKd2	645
12s3RW7hYDMbs39NJzJCZQ9Z1UitL6eA7R	645
19MfSj2qp84Uyz3LVpq4nhUhi3fssfLhUA	645
19iRrzirfbcT4fAnVMKdH2EBWsodPjNKuu	645
1FnMRsaoraysNYy4zXmf9w4VYd3rdz73Zs	645
1hoYsPxhKfHCASLhaR8GfhWyzwTdvsoJS	645
1BHyTj1QceTPmKUPYRA1vFYhnvNWLAx8DS	645
1P447N4U97CXJxhAgXcWfUuQZiNgUv8Wn5	645
1D23maRDvG23AJQ1DcRDEmAojjRBkSy6PG	645
15yqjVofP2gkY15sR36i8Qy8PvdhiF7Rgb	645
16VwK2L71LJRnxGC3EwxE4qCY7fZrpBTva	645
1G18bHZPnWQZoe9bQ9KAvgC4tWy5tRAzZ2	645
1JwY6nLwpyZ83EEfHktwxRRFnm5Kf3FW5X	645
1CNMfUpbv5zsK9CJeUZWd2mAZwTXUCWFMT	645
1Co7fHnE7XEAg2m5UD54eUTk9dNzuE9WMC	645
3HfBgZFG7ZGAVTaR27UXXA6DAV85XzEFnC	645
1NUv1AVqS41MWyGr1kfz5YbCyoe1QNAR1b	645
18vTsKzKkMM1ykiffSUD5vLRV9NLAyCasM	645
bc1q83kace7dcvx3t268y76aadxnszfjzghwh4y9mv	645
1BowGg2aYNpmtNPKwZ3GrCf49rQJZmCN97	645
bc1qrus8re6jafk7nvypjlexkxp2lnkvpj3yktqew0	645
1NXZ2fGnveNu6iYM6V7aMF1FE8oTwiJ7Ap	645
1CzYnwkkBmkrRDTKfv7DiehcJMBajCXfEz	645
bc1qzppcv5rnxln5v8j54mnsy7cvd5cyezl4mx4vq6	645
19Rk1GoV6QHJuybYbpKr7Jd23kMSqkDckc	645
1DXpbPetr4CDSRDwEm6Y6XTnFC5t6vpBe8	645
1K9GhGHYTqpkPfQTJKcQWyFjAoMJVHaf8T	645
1HSy8TjnC7tbZ7vv6hVF3ihA99QQ39WSAU	645
bc1qvk79m7vz0lkuk8fzf0xvny9fpzmnmm0afsyd27	645
bc1qqljdysph5fa7cmvxju33pnljgwwmvgtgk6j860	645
1NuQp4axTxWB9zCvnryqNuUm8LpmwQS4Wy	645
bc1qzcxjex00ax4pe0twrgt033fpln6ecswlftsfsf	645
19C8zghWcND2hu5hrhJ5hFLYx1ciZqn7eN	645
bc1qxm47qv526myjhlgdru0ny0vafaslcj7wx7nwja	645
bc1qj5p4g708zyq4n23ypt26mphjljgqqht8hlpsfa	645
13WAFWYDCY84DTFBwiKzqQoqHNABTaGVcQ	645
1KatEFV4JJie55cq1zqUacJ8L2t5sEEGdN	645
bc1qxz0appm2tdpe424ycrc2496n97r2tzq2av58ak	645
1LpRwAtxARyqCeBS9jeFUgAnvPomr1MW1h	645
13CdsVn6N5aji36MB5wWQcAoRZrNXq1Eug	645
bc1qdfmz3v2rxm4qc0swfr9lhs9903ukv8t84g8j73	645
bc1q08jnd45quxwl58ummpdgmenes3p6pftfdhm5qu	645
16sV3iSsEV1ztqWAapRA2kEeWQAmJvmgRx	645
bc1qxqvdpnxe8jdc0aq5z6xnf5ng6y20htxs8e53m6	645
3Hcxe5trk3PfQQ76b1GKBhRPQx9TBCmBgs	645
1MZoPi8UTMM4hi1ZcdXEE8f1ZXy6rJbA5R	645
bc1qqwfrgygnyahgtm2f9j3fcr57x3ld72re0m87h3	645
bc1q44664r4p8cn57au85rs4gr5cjys7j4wqu7fvke	645
1NZ5NRZpHAThUaFr2RRSoB6Cg9RHigVaYw	645
1EYT8NSXZu3DUfwQ7pW2nJdD5yXk8NgNio	645
bc1qsp4mqjrfgw74wryvsu6j9ytaemzn67fy90c5vh	645
17JsDLrtAv4U5GwGGZYMeZMn7pEWn9pRwc	645
1FRvVZFgKmEDXRqtGqYWjHnWreCP7ndDdc	645
19Ce8SDN1kQvpAvs1Jn4Rt3wxQzwYsCt7K	645
12ixHKTjEQgTnJzJdokNbArCGFxvCNrUuZ	645
bc1qh3tddktgg0dkj9p9663sz3hqp68asq3etvm5z2	645
1CcUVjVH3CbatiNWkgUcgeiB61pMtWqUiw	645
16NZHHRtFX2mrAa5SwGjbJnMaVajCKhWiy	645
1BHtAT3YmghLQJr61RiqT7Y2MKWshfzecw	645
3GYwGf3SfSfiR5CcCm2WwUYZg8C5Symnmr	645
1FfgvgZbyJwDYy45Bst63H7TyTsNsFLfZW	645
bc1qrck5sjvqge9cwm5zfn7hlg47xc89s7md2a8h2u	645
1HbVGJ9hHaLVH9St5LfERbsrqbawpVc6vz	645
bc1qa9m35nze0lhkcy5msdgsdskh8ygnfjwx0a7m5y	645
bc1q27g8wd78syvs97t83rfxgqpg6q4ss8xm9rn2ws	645
1CadqpoQAR6E5CAeyH1b2nnP8XpSTH3sSK	645
187HCtHPqJS7dWHo7Unm3ZvQSF5dxcbhAw	645
13inePxR8TSjNJPj4Mb7enQeopXJ5ZKwCR	645
1Dqc5LZsgLxCLdAUukFD8CFwXxCTdQDbqS	645
1ZiWK1gpwDoc8fey6WvUL5urcZ7bJPDSf	645
bc1qpszcc8j3ae8mr66ze0xes73jphkm9k0v0f8gaw	645
14ean1DAdoyBknXfpuAbBNtY2Z9t6EmbV9	645
13q1TGxaGSYTHGFGSSuMNFrX6RoLtkp2Yx	645
1BMYyAsED9dHtQnHS6Aq2UEQapyAGMLtE5	645
bc1qsv9dmc376swww9gd9u0dqpx2lllpavhlv09yu4	645
1EHTC2UtLMXeAnL5PBVSHMwiLXCJpvVwNv	645
17aKQTMm3HqaWYfAivV6dadRmLocHX4v28	645
1MuX5J9ZTfJ56q3HN7SdwHd7MBfG9PDJBL	645
16j2m5Bd9dAYy8nYU6sa2LjzzugwTTDkhx	645
1A8RgCGzrstRSwBCKBHw4ufpVtSjGFeTY3	645
1FpZBLFfnxayvb32qfgp9BMtCaxiQod8ke	645
1ELXeiVxR64hxYjBVtUUmbtVroSGjgWe4P	645
1g7ocHQnzyHUC8bajRYA4st4Yesy9gmcH	645
13fKueU2jJW4dLsYcoPoK1cuhqtCqhSMZX	645
1B76hV5PQrgCgjVGWeZFsMaBo7TkZYTGvG	645
bc1qhzt0dwmdtd8putde0qa9ac5xz2sg8fxakjrv89	645
bc1qcn3mejm4kzyuwc5gzccf5pv58x350jssmusgjj	645
bc1qmut7pmswugdac54t3hqn9k6mm0qly98kmp6x6h	645
1LwfvgNhSuJhzJHDbSHGAf9V2gTeHNBERF	645
bc1q2zdvj6lsu2jyevnn7zyks073ee5s9qpfede9z2	645
bc1qudtumgf462uafnkwg6as6h75dxglhqj5c4gtls	645
bc1qrjk6822zp55kfxnyuhl2v9lwk84nmvh9zjtpnr	645
19HQCPzLxsZzqA26BGwAnMr2anKvLtoSsV	645
17JQmUFBAf628DmTk4fA6Xzzd2GwtRybCD	645
bc1q6vxx5834xptcj56r5jqyf5zhqzk9v63wuf34md	645
3PXT6fQAu1aQ5ucxcETxso2Q9jTmFhoFph	645
bc1qtnutd8kl330tzdupl2f34c0vdxda4x9vnev8l0	645
bc1q0xvxphseyg0s53sumj6h4wpaz67el2w8nyssaf	645
1Kw2CcFHsrUBLJZjwNxHETNxzozyaDucSM	645
bc1qt3je76k5wlcxr88kp4xzxnhjsw9g48dez2j50m	645
1M94N1MeUY5UWk9dXsuxfaZcCr9o82rRDu	645
14z8L97R6HC5Ezyg2HPdTAthQkUCYTozXw	645
3CwYNdCPHHBLCWqcFczBTN2BH3LKcpz6Q5	645
1GzkXj1PgAiTHNqUpTFHJZhDe9Rv7AWNpt	645
bc1qm7nrrwssums6amcnl98vlhlt647s0pagsuvgjv	645
13dp5Lcb9hrmAgHsHUu7ZsJs35GD7GU8V2	645
bc1qhpcyxvge6f4ec9r02lp29ha5llykucq28v5uqd	645
145rtAkB8PnrNYrrcgsdJ5Gewd3wjbdpLN	645
15bATB93crgzwVQAKBgBpvDBV9NBqYg5cG	645
bc1q3jlzywq9jvthh98sydwtcqq7txz2kg890gn00l	645
1AQhBaB6QbrqGy9G6kKnyBpXJ3TCwQSRT7	645
171k455hmreADeEegzh4vveruru5y6Z8dy	645
1DdsDXtvu7pUWt2uobPWM6HTCZMf2m1d18	645
bc1quj29uknp30qtqmkfrtl6sw8sgvp4p4yr5gew2z	645
1K5sXNffkoT3CK2ShBEUaCUqcBj4vvrqUh	645
bc1qwfawpl2tp3ufrmqap8pv6u2ew5uqk4r0mepkjv	645
bc1qr3lsrhn7mhrr5qdqzaayl3cpwxzg8fw0vt5c56	645
bc1qn9k2l0hujx58k2ama44k6h5x02glmugfwg8wuj	645
15qCpvJCXdzVY2Ga3UosJBGELs1HXyRDrv	645
1Gohq28EKKLj8iw5H83tG6SanynXDer8P2	645
1J6RgTkBhHj7Tfc5s8ugY9fGkpVR4FJbcz	645
bc1qsheyeyqv32jy79zhnu0z43flhsdftmglkjyn03	645
1Lmr8caL8fvPNjBrALNYkNXTg3CNw34qBJ	645
bc1qdpqmqdn70kpatm4anafvqdxefg398d9djyayts	645
bc1qxve3p8xlyzsurvx8usns8vvxqxpequar2cq9hp	645
18JRa9b8pVL1gbDLgLiS7oKtDK7ptzSWeu	645
1N2teaKYAbpTfrkPfLo67VWQSJTtojBBww	645
1PN61yTYEYdyGqPaS3CZfCmauJhoH48FC2	645
3Er7LwojHm4KiLgn2C37woYJkQD52SVN81	645
3LZEWStDS6Ndo8sTGzJLLkfkuavviKT84e	645
bc1qhe6ncwsz0nrrtdktgjm6lf5mwmand2ggk2t9q4	645
1EsWXATsJuhKsECr1Vs413A6wgFRDmKwR7	645
1EQsDyy2qKARXjhu4eEcZ62M62Ne2WSkzR	645
33TcZTTfcpEEnRoeYzSQ32W3poqv6xNNMe	645
bc1q86spwt9p0hd5dhghfh0pvgf9sx3fatzurdc8xg	645
1Bch4GCazkjRTsuFzNiapRvorcSqJVKshw	645
1AoR9Z92AMtxy4fqe3tFYQ5psrwsevdr4h	645
1JwWFyMBZUyVwZkTMUoqvDC6xaviuaxco8	645
15GL3DLBvJuPDcexdQej4YiNHyDPb8MmRe	645
bc1qz4z3ajgqt278qgm9waxlg575pf8996vxwemfkt	645
bc1qfvdjr8s5sfmx45lfysuamml6mhrrpdgzcue3h9	645
1CpLUv4DRVPVJcBxCTkreSRdfPkNWWBfBx	645
164W5vJt4RcBaJ2iCkW9R2Db9JJsyHhgTH	645
17GwtV3QtCMjUkAU3ePnFoUdx5LEmYXoDA	645
1LNqzA5m7gKEH7svukgW8AUNaeDowDwJDg	645
1MGPQ9t4YVCBDtsvHTkkjj9guRpQgP2QrC	645
1554jjPn8rSbkd1qnRTLEdGXpTZzu9Drrx	645
1QJW7XERnyUH8bs9Rb1TdRT9MsHzEL6uWB	645
bc1qgkvrs4wl0z2csnz94f00dxyttndwdz0cr9zh5z	645
bc1q0gk2r4lgkwk0fj0n3m0c63gfccc2ftuj65qffd	645
1Hoawt4WfHj1CDBwVEr3hdR6xuJPXoAwha	645
1EkuTkoA66WBjQUALM7iyoCArStKNjANts	645
bc1qcl2cqckf2z4yg8qmt39a7crs0lx5rlvaxz6hhu	645
1BpxdhqUeQFjcrr55pzoYrDoAYzUsNQzpN	645
3CSYkrJ6TX7KM1JJdj7dxJHvUa235cg86L	645
19zX8AJksCh1pqPR45dtWw8F7mURuE3q8U	645
1B9ti7fFTFfGfY5DR23GysBTHT3UwFcuiF	645
19E3HjEC3PjKFaczKEdmcKBoGMmf6DrfZ8	645
1AHCFGRZFPWu2fKGETCmp9byCvrS2jz5zK	645
3Lj5JiSZMEecfMYxK5VBYiJLo2ZUcBxHpo	645
14BJmaH9xPpWBqLjLsgQSpnfkL8kPK5WkM	645
1L718ADQo4HhQ7J7DxdyWXGGgGoyAsq4Rc	645
bc1qjqlquapgzhv3z6hrthcjgnq5huwkd470alcql8	645
14RiaySJ9NfYruBockPxhJgoNsNwP4rg7h	645
1LjYfVyAX1kpHmaww2m5iRSg2Qmssp7BpR	645
127GmANVFsFkuko74woC1YE3zbjv1pcVDd	645
1CjPyqbSzPAaS2SbRbRHMrYgqXAkpE6j16	645
3G4fxcTskz7scdrfCZiGchSr8nz7HSLgnT	645
bc1qw7mnf5vy6ytng2547un90slsruvz3cn2d2njaw	645
14vogQP2jV97jtugRWETQystCoJZGW2x5L	645
1Ufa3xSTsKwP5pEGHfMvnemmCZrfTVbbw	645
bc1qvcfevr2dp2qhgcxqlrfn0je3zalfuzjw2a2aaj	645
1Fxsw5dtisfvEGDmpVxMgu8Mec1UXRZ1qF	645
19bQ7tNc5wgzKhKJ6AhH3wJeG82FP77Dyz	645
1CdPjF2bFtAJReRxdJeDWRK3RfMpAuwuci	645
133MN5MhmD2FJnkDUZdc5b1sBK7yM4EpSt	645
1Q1oWh3NXMbuR3MMoaHzcqRjHjqSW5F6xY	645
1EBFzB5WZJvBngJmnbuZC14ipd7zFtRdQr	645
17eN164Wai7xvxXDt17DXMzryetiiARfwR	645
3Npxa6q6hUSoMHgKDv8TpUzRgqdvuWUT6J	645
1PLKmw5gWXyd2BKfcnL15ofbx7HsteJU4L	645
1HwF7wym4PwSKXYKnrj1dqLsVuhJwaifca	645
bc1q2ujgesl2dsmzl5k06rddxs5lx6dwtfekmgtf3e	645
1Kk3MTsrmhM4p54NAxLEYpejVAFeesDSVU	645
1Cv5gSkMLESeZUX29KWmybu7ghX3Fp4xiU	645
1L5t8F7PkTvAtL7nhX9Mqqij3PQ1KqTdXx	645
1MSjMJ9yNfeT3RwBwi22XR6TWWAkzZDuGj	645
1Q2Uwx5xkct4zkQfBX6XRXRWTMfyjrRXSR	645
bc1q74c68nklcfe453dxxaj3h8ycmeefz3yjv8druq	645
3K6zeMWewKNsYNndMPLcabPmt3x4HEkdJB	645
1MDE3MukVcghHm8kXFTNREVTSu13Hx9rxm	645
1EHDxuNsqtwoNKy9pXUZmoZGYRHUzw5SbK	645
3HyjLzB3BDY7xKbZtgEi2DzTAR5DJY3T2S	645
1DtXf48vxSXd3n1MwcjeXQehxj3b58oWnK	645
1HLbz8XwZ9KLB5TRqSjqrYsYvYS71sC8B6	645
1GpUFWxaGrY2pZGWapctnZXpLc85HQ3a4	645
13oXe3QD8KG7BHZonE4frJZYRpj7RBZG6R	645
bc1quw9wzjfw0k037wfks36cwhuyf6depnt89uw5eg	645
15qShGABkx7LgoD1iRmitQqd7kA7cUaYQF	645
bc1qvc6tqp4nhzwl7wfc5rkdfaez9zkm7chxscad3j	645
1DGddN72mkViN4jNnGG9hUVNB8mAfTokxE	645
bc1qac3hczcm68g5e24x7z7ch3rlxf08auz6wl3ewc	645
13aM2HeSqhgMwRXuj9B9QvBegw9MSxrKJX	645
176jyzQ1uif6y1RFy2jv3hkHWnLGD4Ltzq	645
1AsbX5rDpMMHDhnJusfoC3UkJxE1MpTqYn	645
3CP41iephzCyR89zFwYCjseFbDdjms7yx8	645
bc1qfgwrx383f320q449k2zf7aq0ek7q0yu3jkm97c	645
1DQoqkrQeeZLyHyJKkwKaJGS4uQxp9F5qV	645
1pXEQu3vMmdN6bgv24PTyU3N9Wg3AUcnR	645
1B1j4NWhockd4uUZxQzBh9efykx9BPpgdf	645
bc1qurkna4fxgp4ry5w0f26qxptl502snfn4me7glc	645
1Gdb3DDXuk6vwQYYgqc1sW61dZg26XcbRb	645
1FwkjkYbtQDFA4nmxyTWGgbXK1aFhxasiL	645
1HQzwU4ZrxSN5G2pAa4xVb61Dh8SdvqJYb	645
1DJuLK8Le6AEV6w1XpfziRTow8jmfYa2wp	645
1JgHTtrQpTv1tK2P4rhRA5czu63XTA2Ccb	645
bc1qw5resl680plcwa8utr7s04un28khsnhl0szl2y	645
bc1q3pnj4x366sttr75sl2anjlg2c9j6rxha5mg38h	645
bc1quwmc4j5nlpw2kftd73ef79gpl6nd0853jssljh	645
19rz1QuoVTJPgP7JCxLR99VxHjMkKX9LdG	645
bc1qcmcfkym9kvn4jed4ra7z526qh2js4av2luawsf	645
bc1qv63xyjr39kxk8apzvnq7p22qtggf600ss6pyh9	645
347VjbfnPsaYEAhUMuXFzDGV1EeeMY5dZZ	645
bc1qasugte2r0ey37476zq3u4yaxlm8qwcjegxw6eq	645
3Hw4eJd2tbT7EmpDkkqSYtKgBeTokkJzZg	645
17aCU6qfaVTWZhLwKoNdHKx3WkkL8Yr2ee	645
1K4GA5JtQqUW4S6d8VZREysnEkt8wpxndp	645
1JpK7GCX4fNBzPD8WHDHt6FxoCn8rBLV83	645
bc1qeyzv37gkvfe75tjvwq7pxtqj2pkz5upaj9vekx	645
1GSTFvCZrt4gKV6fcU7PvjAZvjik7Jv9Ff	645
1E95ZkVKdxdSMKVBRie87hGTEz3FvunZrW	645
1B2DzNr6EAMeVQjP4WXBdjWMTQHV2WRnro	645
19W8YQKHZsbzDc8GBZaHaU62kCnW5ytDCn	645
18pkhZBFgss6Xv1siDB9a9xNa3vLd5FiNw	645
13qbgkXdEhUdbztDJwKzNZGmhdZWrFMGyL	645
12J3hhyANfADhTj6uTk8P9tad6uFf5ypLu	645
195L9qrBU5BjFE3jpikeFVfQinBypYr4hg	645
bc1q3hf4gjzgnhk0dkns0m7t02qeeyfejud5v2xna7	645
bc1q3p928zdyrfvl0jnk4sjeuqq4gcu63jffj7ec5h	645
16Eav71V9gcTWLXTKoLgmDDF81Ko7T99oV	645
1FjYs21pErdWUYcuN3e5QLfpyQ3etmgZWn	645
bc1q294fs0n00cvct4xa25rgyp8g3v6haxeukv9322	645
1M3C5p6u3iQ4DUJfucqtV7hRQniqBaD8qf	645
12kWytQ3jZ8JSek6uCqvkGsnjVQKvvG8KZ	645
1E4a2gNy7YEGh64YpuCftQeWpGqPgz48P8	645
1ECjxBF7ndrDVJjcn6xFBhtH4HhjrWf3va	645
bc1qw0axka8g262x8tfs88j3ua2t7md9yljk70ycdw	645
1Cjn4ygVWPh4MDCKQTLdfpwsiutpSb7KUF	645
1HgiV68x167XKrCYkHXXFHR9W7F38jPGjd	645
13EusTub2S8ps7SmEJdxtewc7C99brRi87	645
bc1ql3m7md2zf4vw3lpu65ftapjgyfp7hpwp9qscvx	645
1M8zrhbmKsuSCQi9XdJyVnzLKNgmXq3uGB	645
bc1qg8tkkpey7jejm3dvnvufputqt8ez95ku856tpw	645
bc1qrv3qa6y3ccew6y2vq5cr74rraymugldzvhy3pm	645
1CsVQ5gY72Exa75VWrCpLWU4jppKpHd2xS	645
1MV1pydmhKMuGT3bQtycbd38RjA3Cn84pT	645
113msHEdjkdxejZ44CjTcnuNDL1CySdXfE	645
1Eb6B38oQVoyh4zYZNWgGUzcbbWRQN6oQW	645
1GWseHKxj4PutJ1N9FW3b8jDN8YSvisEGq	645
bc1q99j8krhlwa8hqgvw9fwdevp5srwaevw5f2uadv	645
14ZBwodYQpf6fPn3XVkPUTkgiy9nKYcyXR	645
1KbxGwwTnXhvDgmkJBG6SxLTgcDQwBa4vz	645
3KfuQ3vuXacczTiLQX1WAsDNEEfykBdtag	645
3BkdPgPZZih8iCBcZiuq6piRrEDB1izpeK	645
1BBGKt6Jhd1ipjEBvSx91ep5N2LETahTaA	645
bc1qpudkwqy4n3pjfyq9mjymp4uhf6pxay5hthequx	645
1LAmvFWVBsF8KgGMUd5V2GqfZ47ziEQG5J	645
1PVEVR2f4dK1E47iVocRgwQU7aSFfkWfB	645
bc1qj5ugkrz9ua5ft0dkwnk0vwehkvu5qzhvn4a8f7	645
16i4UtGL92roQonZ7U5U4oVXZqgPF8NanB	645
18nmimq7vhTGySW4cXG8o3iESLPXp42Cro	645
bc1qyej4ac5upc902pq7fz3r79njzxuknkdlvvnfxz	645
1LYb7R3pdtyrbLYQerV2rMMK5xjtAim9od	645
bc1q2lv8awqncny04wfaagm2e92mtq4a74ghlpqd5a	645
14aWNfKn7Fbufr5TiL2Cwn5Rj4iARfHhNq	645
bc1q0erxhdr43vzhrdga5mzc9c599n32y2c76na0hf	645
14MnTL9t4u5zvaHxbCiPSvHcAqw94mAsrX	645
bc1qn0pp3ghrx4pntkmklw2nvcfcnag2k8py6aw66t	645
1Nfjk2vMvwH6S4jhjJEWb3XhRm7G6Bi4GV	645
155E826PPMEp9ambp6gcM7A8NHmd6kT8Px	645
1DDdDCKbnzjsUqSWDnJkiENjx6gRzGUxXj	645
1M2Z6GjYs51kfXxzpMuPzsWodFAM9REJ9p	645
33fxvQ7xCeJyDA62jN2pEpcShtHhn6rc8K	645
1CBYfGvuEeJmgSt2t6qtC2PvTFm8BfugKZ	645
bc1q4dsa3cpc03hgkcl4jwz5u6zg3zf8kl899lyeh4	645
15u35haGw6V3WfPGVkJsoh7UDG1zcDWoSP	645
13n8C4U5W7goniDPE1cxU6U1tRC8TG2Gbs	645
bc1qs9vazp73g4qcxq4luxau4xnhejg3aag4jyvqp0	645
bc1qc0sgz3nr6elgcj5gnu0klpenu6telhu55lzyg4	645
1FUZYeHvZ8mNPw1RzYk8xSwKx7UL1vp9j8	645
13o16cwd1368DEUeKzq6k72Jbt4igRuius	645
bc1q77zhyzrjuxn03cgz7sugqn8pnw2ndv2lvqkj9r	645
1HDZvJWFWrfa9ekUCp6ar1GLSLDfzbR6ts	645
1FU2vGJAQdRSEwQPmxd3xtbCfaPUFMZDoV	645
bc1qx9xa22ruvftka29f69j080t67907hgjc8r0k36	645
bc1qsqs8r6wjx7g6c8x264rzxhkwsegqwmet7xq0w3	645
bc1qqhwcwj6nhrz85pzc73myqyyy4jdvp4weeptesd	645
1N6QCCbtEtegPwe38J1MtDmZ1vyyFwsB7h	645
1FP8cUVyLVaQBGNqrZxZFvi618MjwrLv6b	645
1PGmBriT7dXE939SvPwZbtDXojdA7HEgKz	645
16nW7KMJtDKHbCLuLdNyMX5xA6ZLkfi5CJ	645
bc1q2ff8g9q9ch5cs7j22nxhfy8m9mufhnwl48y8u0	645
3MyaXzatqQfLLRADro8VLgYV8pfv3FiYjE	645
1KwX5LjDe6VG22P6QF2JUYf4axkpfrxtd5	645
1E41h6ftbUAzkPusoMfhWYGN6fDf3bNzr7	645
126HMKqbqu9PaRhM5Zc5cHmTKQ87REgsQM	645
1AzC9UriNZ19WDfxLNBUUYhgAeJ86wRKye	645
1KgqMTZ7ygGyUcaSMyVR4kSCXpgLTnUNY8	645
1By3CEUKswkCLozZ3mofNQiukrpLLCjDyv	645
1Nyy9LD4raoE2ran9kMwNwEJsZGkXiXEef	645
162a3RYAo1eHdfqg8yMbgczoYMCvCGZJvG	645
bc1qz33a0lguwhh89r5xgyqfxpv4n70tj55965gh7f	645
1DrjPfSyR7LcUwapwjNGGZ8UN3Ay6rzdMk	645
1HbciHMJrjZ3ZRvM13CNYATzMqPhweG8aF	645
1D4rqXpw7W7hCYYWSgwGfsXxwSTgfAVNTU	645
bc1q9szcedmpua06g68uqn276dt2q5pfgsgvjszsl8	645
19ZuTERQoLh4udk8QXmxFkspKoAhcBgERS	645
18y3WhyQNWM9RVuCmpxHY5SPMRzBzmud1k	645
1DfPjUMcfUPq2bcASWufjeVNyajTvgh4kw	645
bc1qdcuk4d4xqvuje5xvdvd4agjpqaef9wd6jcn9j4	645
1Jnk5LjKrYpuJsg3VJtDWtWAb36MhHsiBp	645
15beUZc6Q2As3KmW3XCuPq1FYZQUNLRCke	645
1ArvAwYisDByBt9KW9VdFVn7LtkhVrEoqR	645
1ArUKWHTpSPDKq1Z831poepDayRMmKYzi	645
3EWmaYcXSjcf8oWLMqmgxwBAh1mm7jzfb5	645
1GYf9eLqsM1H56sibqhwBJFkXSQnjKRfMq	645
1Kc7KEkgxZtofyDZHCDyi1gKg3ZEVaARTH	645
bc1qn9hj227pxfxrnv8ap7hg9069xfum7unt4xmu2x	645
bc1qy6xa4uz8knqgukclnnc9pf8uhu6x0v8mhxa8v7	645
1GTnCoZBMaNzF8zyF2yaJqWwmun1ajcRKK	645
363f7rsxVYaJNPqK61mhqSBThsjJBUzdo6	645
179sDzPUyKcg3md4XRV1rCj22jX6h2uSyb	645
bc1qx0uxggzzz467tf5zq4fqymkw3azz7s7uwwhn2c	645
17FfmDUanbtLJs24VZnFrAMnWMgJWTo5JJ	645
bc1qnwhx2fmmv6cn4q3dfql6zsvtscgdm8zrsselu5	645
bc1qcf088rv7jns38vp0qq8ys8zq05gm7e6lw5ddn4	645
1Gc7Zuw8EPFKKYkhN1n29ZsHn1YtXFwefV	645
19sy7jsUMQtQXLgHFpYsNDrG593o8FnHXd	645
1MiexWEnLFVm2GjGLHR2qT3CeXL2JH876	645
1LTAbMfU9fbnxvi65Zii3d2hap3wxoEX3w	645
1KVvC24Ms7LtAWmMtCHETAWKxEAa8pySaj	645
bc1qdrxqvq8mlsve39509t325gf7n972ms8vz5ldk2	645
17nkEqXrBGGoh1D4u3JNZnLmKWMGC4Eb6i	645
3GBtHCpogkqbmgGM5jR2sGJeeRMfyhF9KR	645
bc1q3x4n90nxcm79lsgz8mlhde2xnjahnscur8emxn	645
1LvmiUZZ3Vdoh4w57vQHkZyWZTHtewEzQx	645
1QG1vvkZcwkqoN2tM9AhZDoS7UsvjRegFS	645
1GAP8EZCMa2qk4urXe4KgSidMqagqbiszu	645
bc1q22uyt0w2amznn3wyzgtc6ehpd3cxyx2vkvnasm	645
1ENZM87D1pg3iW8RxWEjAKPnzCkpRmrL7y	645
bc1qshjjmuh77l8f23slc7h289f64nlm09d3m283jn	645
1E6Bk412wgdPc5Nic9XVFDMZ4F3ikETujF	645
1FrQhDjtwNef8w86BkA24RwYV1apdDzcgj	645
1L1SQ1PtvYcPWtZd3BUjtHfVFcxRUxxyu5	645
141rBa4T4dnYo1JzYzCzZi74WJepAuLJpW	645
1QFPmMXgwTDuE9U8umjdhiZ5VPeG76ycM	645
bc1qqctzm0qh2nr3afm4gf8wa5d6n3x5u3e69k8j40	645
bc1q5sau3hvesq6u5kf5sdq644cclel5neua2gcdg0	645
1MrZHr9NP4fxdqVTyBLPfRHGziSTmu6NRN	645
1NKtr88KJnJ4f25qLM1WcEjhFs2Q3wMEqC	645
bc1qaqams5tn7xqf86uz98aluat9klh9y9uxrqmk8l	645
3JqodhjEtCro8T5UBQcbTcLaGpM6u4YwiU	645
17L94C5iwFd1CPWiE2XucyG4nm3tb5QDwh	645
19qg6k7DkhTSXLpCqkiohapTxzY6qJcaPz	645
147os9Gk5ByfQnYZYBSJTSmaX83jj15QBZ	645
16obaP1P1MrHXYKFi27xjZsytj7GQW6dYZ	645
bc1qt0av02zjre2zfdr4ch8059wmhpdql52mfdx9nd	645
bc1qr72zntz2r00xh3ptpvehsh4hwf26mfd63q734d	645
16CaYT9tiwk9BfeBS3onMhBrNGDRiuymfd	645
bc1qex3tuwdehlhnax67p98xetaz334tue38f6dcm9	645
1KUEoGf1tvdcZCJ6byQpvezveW7Zb4E6c	645
14rqvzxa5Fy1PTy924GMZMuaRMLV7Csraz	645
18qZySzGUFKuhqA8c3NvMUZ8JjsfARTWJD	645
1GPj3NkXLG3uWaRpA546GRooZ641yP33cN	645
1Ae41rBrGuMVp347FssmjCJJkUKVhhHoTC	645
1Kv2pTkYRDPmvcfHTHWRRTrivzHtmaxMj5	645
1JmLQ2aP2Xz8FFYL4Zvp7vusw7osDxF6Ks	645
bc1q0n7vc4wxjk9r62s2mmmugn6ag5dpsgcqz6q88c	645
bc1qupnlqml6vaxd5fzpsnwkx4p8twanjrx5fkssff	645
13zvgsvV6QpNxY3EMGVpjRAmLXtvbgLJ7t	645
3DhZwv9t4Lhmt1VCjCCRGcYeKjJotTEtJU	645
1G7wH76JRHAnCvbAdmYTFxTEmyMGppyuKz	645
1PqZPET2CUFXL7zFdFYb3yEJRjuQ2GwKAj	645
16TRnreZWWevX5T8rTGt1z2TcAokdePeZh	645
1BNMB8cnJE4QdLnMDAN87cWumMDBpnTmjP	645
1peqC6vA4fYKRnGexe3gE7CHsJZx3TdaS	645
bc1q0ssujuslha0fug4d440tga2drqgj092hvq6c0k	645
1D7miZD5971bQf4PqXqiN48Soee4eZtmjN	645
1MFkwdgj5fW2e4iZDJ1zkg6uDQexrc6MFR	645
31rkRanpwRWU5ihw77k763UahJr4KcqgW6	645
19zcjRQrfMhMUSPyEyfL13nDttE6DnJ9Qc	645
1QBErEBgWxnzh31VsVA1NYj7wBTyTLgUXT	645
bc1qavcf5rg9umlq8rcgzpz6m7mrhu3t7nmru52xjg	645
17p5KpjsgHx7uGyWy1CS1d7CVcxLr318Wa	645
bc1qnc25rhv6x3ynrgaxsyygejyk2pwnd05fcluqly	645
1FRmne6DJRPk4AhDSApu286dVmhE8Zf3WL	645
1DNdeiqo96cUzgxS87BJg16c6G1Na6iAVF	645
bc1qfnu0yzwcrc0adsphh69cfcf44qa2les4yaf9ck	645
1F4uZspjMBXmxhRzGeHb6f3WtDxKA1FXuE	645
3K8v8QAVgzJNwgRpAmyKLdE6s35HzuT5Lr	645
1C638gjCRdNegEbfHr8h2TffXjfwwhQBh7	645
1F5MySnvLrVt3RBJ81GowXTRUGQPBqGtWw	645
173D7zey8KY8UsMvaSPBxAzTg8whnJdvpL	645
12ffFRX1J7saotusssn1rcP5VjHqYRKk6h	645
1QEevM4wsRydFP4cZtr7N5iJYY94D3TLjw	645
15edyUSWJ4dAqxMbzMm85jsDPKPmiJWvtL	645
bc1qtac02gx7yql6d43hqnr9u78njcgw0qdv7n5y7d	645
3QYk7hVQfcsi39ZxeE2miZpja6dftm7wKv	645
bc1q6ery4kh6j5lqm37y5e7xkc0chmvrmmw6ydpdgr	645
1NY77kn5iEiuYc4cZeZ2zM8KSPvtTJDWav	645
bc1qz6qwe76k0n338r7twgfx0c3y7d9fcvntm6mhxj	645
15MgW1QKS7TirFdzW4X88UNmNdMWgyzVYF	645
15KMcM6nU6VSuu7mNz6T89RkkSnE1cUR7M	645
1EBtV7gfzompozgvLF3JJ6yq8vHVUPUHTN	645
bc1qsq2ll9r5h44c6kq09ht4jjxefa073l3dr7dvql	645
1BeyxZEKkrjp4KSEgUxFsiPCPVL6qyYufF	645
bc1qzfg0f0sjsj6ehj4vs8nhwadc6xdc5n4fqccq50	645
bc1q4rkz5kpwj6f2s2y6alvzj8j26j8qf8qr2aas6k	645
1HZa3tPxCMnbuJKeccm4uT43anwSPWXnhL	645
1PP4LCnTXztjmhVXNFJXh4bT1G3yfBSYKg	645
bc1qqa70842xk3935r52ml4p0f5mnt2yfprzgawxk5	645
bc1qj70waqakqvu4f2uxcud65xqxgjnqd5x4sf5ffw	645
35cPnVt8AKbP3hvGYGursr5zLQ416E5g4B	645
1HbWshByLrRHerMX3NrBpGULZ5aTB4tiYB	645
1ECaqVgBxBJ6VVT9YLadiZzcjjD4H7pguD	645
1LrM2AWzUH6ZWoN2Rp6HjDHc38Y88rdqz7	645
15sYdQhy975dvZdVbfWnRLM99MuoN1GodA	645
bc1qvn7zw5d374r3f4rmulwxydmmkvmukarcpaqdnm	645
bc1qqcjq2yc0f7r8f25a4qf9zk8fhg3v5h2xsj7rfp	645
14tKhQtwVGBYz2dG6XSEFZAFgiEsfgafkw	645
1P1BuLy5vnHCSKF7KA89BYTvsspDiwhvss	645
bc1qvwhuy3h0tu2fq3xuf43mlz2zzw8e8l5h49gyhy	645
bc1qfzztevppxk26cdxqur7mzqaenpz7mmncx4h3an	645
1AgsiVFNZJ9Q3C7bpTPS1zdV8iQjskc7iv	645
bc1qvc5ryhgq2dnnd3y229j3fcdvqx6elf2vdlh9f4	645
bc1q8rpadt5sgx4h7sfhajs3qatv46gcursflfdu0y	645
1U5nYvwK1hw7MFiGnp6g7vZr4yzggLRCS	645
1QsS93vDzcqua4LGGSV974qs6qND5dB28	645
1Pu2PX9M7ZjFhGhWMDZHqDjXdTLgKvxiJr	645
bc1q5ag98ht7r703ceeqdrfu8tst0g86vlm3r9uwg8	645
3EDYiyqmknQCALMsRJLpFknT64WSaaXwh9	645
1FcUzjamZCCohPi69F6LppxwCFY7vCDdw5	645
1MBQJnM1r5TViMMpJPBxVz8ez5r2vdghDV	645
1PPmvgfuXrJN7z5D2qwGbADBpeoMJ9MSvi	645
1KRpBAYSx2AFSVaJhjkdp9fBznJivZv1td	645
1Cuu5hP2g5WAtXUAgJoSDGrmh5E5HWivix	645
bc1q3dprnukta0zjsyt5wkywz8s77gvxyngpltuhag	645
18Nkf9JrNyPPbo2fMxDcvasoVRc3mVczXP	645
1PZs9DnyEucfyPu97NgMvcXv2ZKVrNbSEH	645
bc1qvwznekwlaww44a67axvuge9yj0kcv0x9823vky	645
17e5QQYDL1x4b9r7LDoKzj11t3bPyPPSfi	645
13bpeTMXpSEsJR1aAmF7FbYupehz9mrCd7	645
bc1qf5vwzaazqm4gmtr75rlynrvmr8gz055j043vdp	645
bc1qvf8dvx5vmah8tcskqqtzf4lx7zxt4wdx7ss9jm	645
1JwCshxx3Qm8kLuuiTN9yqTGKtiULmHeZu	645
bc1q7976zllp7tswqjh5c30fcww8dg0gas2t46s8nr	645
3A2MUtkm1Cxa1idT7baC6bGYyEdGFJMM2r	645
1PShbVVa3HER2ccyFZVvX4gigTSV5MMv3k	645
1JC7TUyD64tvmFmLuLBN83FzW3Ku4q4qUh	645
1HJ78DKQwCUmHN1XUi4t2TLZFYKkxQ6FQL	645
bc1q3x3cx4990s8nctlcht23mh0yq6paf8cn06nugm	645
1AhzFxsBYnYVa5p8SJSBeWQGxGMTLeFQhD	645
34DnZULzWBSDhE5hacawuoEb244GuJbKfo	645
14t3vDZ7uq2W4MxvGvf44pJa21t8GAsYXG	645
3MTXP2TRpi3B7vEDxP8yo5siq5NqjfVebB	645
1NNQxG9RwhMeWV8iZNdyxBNVL9hxwYYZem	645
1GDES3BQDWGisp5kH1pSFrXNv4Rk1ZJenA	645
31siCLdwmBB1c3TsLoeu3SkarBm8QCgpz7	645
1FdPkWNowJVjCiBEACFFkvgxypodToTG6F	645
bc1qf5x6etk9nqx2n3fvmde55k95ggz8njkex3w92x	645
1MZx5oowDXtUKQh5rnEZrGeuY1L2NpBBQH	645
bc1qsdu0yd7gac50whk066p0t2kls4cacuux4axpux	645
19nf2ebM4M73hgcUdAs2BHBaKHG8NG3gY8	645
bc1qpf03e5vke9ynxg02mqse5m9d5f3shfjvxu8c6a	645
1B717RoZteaFffJoZoCb97cddBytwQwik2	645
1CkrKAKiUUHPd8Gxx25FMvZ44iiUb4pbHT	645
18WRMq8MiLfeo9K3kRjt3e9fGcHysdV51A	645
bc1q3trwgdpqxu8yemgrzrgakc7l5a7vgw2xxez85d	645
1Dj8JquYuSbxzgRrV4SdGsJaFJPQ1m1SUj	645
1QJMbw84E7dhDnxCSpReKnLrDhVZRcMjtY	645
1NJj8qg6jE8HfziMq6SmLUSbRfJwV3DBRG	645
1LB2LhWfW9SGVDJ5yxiu6SWbg2XEixk6vz	645
13EgUzNdf2NBgheE3943APYvdt14kNHBa9	645
1CQjRyfiqK8QfJzb967yqeMRh1nzHXZHtM	645
15SgsjSdKk34A712PJk3K213yQY1BKqegU	645
1K9ftzwvkQPXxz2mA5TDDtj4XVhhmp9iK6	645
15nGb6WRUm3mVCRYqVJQifVFN35kBLTLBh	645
1DQusCMyZpEmQ7G7KUFv2E8HLjTihCJiSA	645
1FSf9FGkLUMhwDSPa6HgJBHwgHzcC3JS6R	645
1FoRZzuwNs8fgKVRDtXc5a4CV3rc44EKtE	645
bc1qz7vhcxvf94wg00qxh4udsfq6lqjqrqqzk4dd8q	645
13JPhrnwVJDPVdfG1aWn9JJV4AEcXNJXKT	645
bc1qhgrhpptfsgsj54jz3vqrdetyny2jyc7m4f24ge	645
bc1qmuvnjnmaln439ve8n4lmw53ygwwghmspeem59a	645
12s158xWKzJoj7Saumyd3VG8ew1Q4uBruS	645
1935a7fNrSq3tDgD6dksJ9V2yVL6tZDBLP	645
1NGv6QRsye6CkZwjfJxLMYwkvTqRVj8VBT	645
1L8CEnYxGrsgdqaRxUfTyvnnk2BZFFtnYQ	645
bc1q7yaqxa04zksrywcc253qdfp865z0826g77wkes	645
1Q5HERyEgezBFnrpxX366UevCApBm65MRm	645
bc1qwjj7cnk29gavn7t85kgaaxt06tymd3dfqckx4e	645
16LTDBtsrUsuzzG4E32EkC62ctpiycSdSG	645
bc1qqcdjqaw5y7xz6f765my37quyhh8nwn7yx4dtan	645
1MS93UCY87wSSKA3PKf5ZWeso7phxHLGbx	645
1BYtNf1MyFqASM7qhm66z92jzCcvcnQw6J	645
1CvdXJdmEd8TgAHXtxV8jTYjN1GTKM49q7	645
1KCBHapARVoW4XVZsjfrsrFTuhiiAcWpDY	645
36G3nz3JSxC1b9YEd556DN5PiLuYKS9Sd4	645
3HwsCuvFjAJUbaXpzMPREuQqSzkGHmuGer	645
1P5mZ7ysfeNFDZ4Q6d1jC5LS94DfbydUPJ	645
12Ss38V77S1f6YxkmT2BC91w6HNYxTcjcU	645
15yH2NUsEoPW64b7GmKifzuxmbW7LiHLwK	645
1JGDaZVRWvemfrcWcjxJutQD1zce3Uo8PN	645
bc1qeywjaaezvakej7jyxfe00zqtxuc3sjqse5pwyl	645
bc1qa54azy4mg5kavlquuxrwzz4hsaz72ezec9jr3d	645
14RiHSjm7JSFHBfXkmNdcFhxjXjBHp9ZQv	645
1FkPYhZddUVdCkTUxbRCnvbgZDMYEDjGwo	645
bc1q5wmt4czqru88g70ylerfhmcfdsdfyrwxhsz6zw	645
bc1q05aevmsnxlwl0r0wwtxq9trgmcqg65dmpsvz03	645
1E2b8Kkdg2xmzRDzj8HNdjHVKudxRHe3p7	645
bc1q567xxzjxx8uu5lf4gj7gzcylydks7uwtwvm9ww	645
bc1qkhn9sn5th9jnmv5d58e0hdkpyjuca3ds9umaju	645
bc1qzhtkr7w8fss0fzdn4d0wgagxyvf2z96nel9vk2	645
1NZaqTaP9179RxScjeqr9eSkkUJXu9nBa3	645
1K45tZ3Ru1Nci47TxriA7YKH3tDthPYmjX	645
1PEasjXYahc1TGvhmetb5fDXc22c2xdxpB	645
bc1q7cunlp5dtrzl00nfzlqm8uqg7cfjsgr02a5qm2	645
1JRexChJsgDTD9q1YSygo76fuNKEK7PiVF	645
1G8Jx9i16aUmJKi84gKVyKic7rV1pSdyKR	645
bc1qyeurw95hnm0jkeaneuwsncxmdq9c0vc3m2ryyh	645
bc1qwqkavqdtc0w9qyvemthucs95yud2wdykx5ckpw	645
1P5Ut4DbD3hS4A9WLL3VdycuySVgQMN2vE	645
bc1qectsyqwy60yglpdhu0g8ud6z77ppdhnev6pg4r	645
15QTQ6Eqzzhqi8qga7akBErN6ni6FYcahy	645
14zAp8GHRbNSmMRBwzscKmoYsA8zEthXX4	645
1HZALKZGt7LVo3Ra9NZ2semEp3tdNPvVtp	645
bc1q0dpfkyej5chzgg39t9ujm7vhkt992hxfual2a4	645
12VSFzJfWKo85THTP91iumX585uJxoScFc	645
bc1qehhvqydd5xfr20jz63klggcamaynxd2takcuqt	645
15BdZtBWR9LXMmUrDmHo4jkKVREkJ8xZp2	645
bc1qjfll5luxl0rv7v96652nya4sk440xtym6nkflg	645
bc1qv9tu80dfjs0kjemqwuv9t3kha985066supnjsa	645
13cyfU3q8b4SRdhfgkgBa5RuCorz9qsuTh	645
193n3jfotbfT9xYAGtwUeMxLxbghpwrAwh	645
12KsLfsJFAwGgJaYKfCZif1pbBvnSLysMT	645
1PykXetCJby7Y18GZ5hNXf7GwcQbhCze4r	645
1AkcubFdciSBE67PsimXbBiqg4d5ecXHvf	645
bc1q3tcpsc4edhj2u0ndkdvz5ysdtclxha9aywu0c2	645
1DxL7RwCgTWwkomFqxtPkaTQWRVb3oCzmd	645
bc1q26xuu50zqdp8kf7kud6gtzy27mzwxzqpjcdtpp	645
bc1qnc57mgvknxlrnfw0mzuzpzlpdsxq2x3x2tdmrq	645
1488SAYxyrPZ9AEupcpPDWaFAqHrYH2s2Q	645
bc1qczgcf88qa4aetzjy6xtjg26k56nh5zw4q89nmn	645
1CJgsyJsVuxh8u7WBbNeGYoMQeoXCggYf8	645
19g9g8DR2DswffTs84o5LmTJCbAdH4AUg5	645
1JaZUykmYwmhbJFSiscFoenwDWCkKxusDi	645
1LUVXvXpZo1XDHB5S7KFodftADhXW1rG21	645
1LDcEeUVTRqammmdutteTgzUzN3f9LF123	645
16Nzsu1foZC7Q19Fegk1Mejb2GTPtCiLt1	645
1FNEBXxoz7fV4C93RB885afEU6Xy2h2msr	645
1ByfV6i9frCMc1Li8V6Y72EkbvEPvWCBz9	645
1HXSgb48DnmU2MsPpLAnyJfhF9kasMuvsU	645
3EeroXEMegMdMWaVWu6Sw57GCQN8zsiZdr	645
bc1pdwpaax67ct2rtn0j0ck75lyvr2s7v99ws6jmq3l0xr69kpf84e7qyyuywg	645
1QNAQjJmQxcxZr9fr2gBxwE7n4PZasRVr	645
1m6H3pVcktSUzZsLjXtPFJL3rDaqBh2yL	645
1LNzX1bLet9E8ExhuG8gM7kmgHNyj8RACp	645
1Lt3c9eAMomkxLcSHkhG9qN2ThWVsqtHqR	645
bc1qj5xqs2p3m6j0qrfdd5mx0erdzcfrekhfpysp8a	645
1DB49TdDsVcyDVXPoaN7LGnz4nUZJUfQqx	645
bc1qtrrmn78htjfggte86pr36p2tfrnn03v8kgu83w	645
1GymE492t55VpLPTGGA1VJ2cedt2brstwv	645
bc1q3gu40s609rfye0el4265kumyfz5mwgqh8w5fpz	645
bc1q853xk3mlhqwmuyqac7fn34twn7cpf5vxpsdmc9	645
1iFsBh2yDUyocmNqsFqNdsBf3MoCUeLtm	645
3QCbggnpi5SnEgptrL7WqRx93TBrJv9yjx	645
1H6RZmZHRvGLANhNVy6u5WXfp4MYLHqNoe	645
bc1qc9ylmz6f42vn4jes2ws0n4dr4rhqvgv99ljzmc	645
19hEHzPdUw64fo24ywSM8zpLRepq9bHBa2	645
12igGYe2rMTRJSdTWuugpygepdzkoxYwrS	645
bc1qxrh6f5g5jrz0evdp50g7yfsr2svjdqy0jwrywr	645
bc1q5ye0ulrfh7vzznkwuljm9v3g2uuac76w8alv5n	645
bc1qx38jys6xenlu47k8qxjhfxgzuvpupg3tju5d24	645
1L1rvTCMZmQnzPEDp2ffXP9Z61ScMGdeX1	645
1FoxuNpi8q4CXMF6WVBLqDkQLe623cmEwF	645
18UoctcV1NBoyHhtYyAzCsWR8gQpQnFd3r	645
19tVkgrViz8j1yosMRh8BFzENrs1QiLoww	645
13T63JRUd9GFghzeGQb95XNa5dzVxFGwiV	645
bc1qfmcpzdu6aw8lk9y5el8tc5mauu7drq8z0txz2l	645
12gn7DeLbTd294b5M76ak8r69GJFZa4Pz3	645
bc1q9manmvq8tu9wruuskvgr4mvhfy4kre4e3jenkm	645
1KckpfWHh72oE3L9kPfHjzhek5pvmhZESJ	645
bc1q0y4ldn8fl3nrra59zldxwfv7udwf2lnkwjvlts	645
1GPvZ2GZ4uWhEjhxvdCEjqzcrVJjrUqDTJ	645
3CLnzTLTZyfyrLxTHoFJScU4tbHQtA4wva	645
1N3piACKtqivkCRcPRHYrpg87zKgWSsSww	645
18fCD8zW2mJwsqkxrDL1h8vit7jUWoSzAD	645
bc1q8nyslzapn5ygv0emtp23fgyrsrqvjjqsh5u4hg	645
14UKz4tV2ctPfCAs3rCBg4kc6khchfRNRC	645
12SKKFhdDczXgt1ESsUciMUtT92F3KXzJu	645
bc1qxpr58cf58wvx0ra439arhksxn3k4j9q2n9x9cs	645
1MCAHa3VwrYUn46GzPaPsL4nnHDTE8G9CK	645
bc1q5yjz6vmvmfhnzerlv3vle3hxa0yegjakngjwrg	645
bc1qz6sv7trfdluuhwmslq8n9hyykknv98pesca5ag	645
1WHHT33rdCp8BnLhLZjK7JBSpW5fRYtNV	645
1LfE5Cm6WF9hxouxX77gegHpUg9pekxryW	645
bc1qccyvgt45c8ksas4v4jkx5ggfdtsktvnpw8gzm2	645
1MRba8tLyS1nvVWY918rhuBVTzpgZkZHQb	645
bc1qg7u0r8n8rly67935t3su50klqugeh6mt3u0ett	645
bc1qmavlplt4pchtvw4geud74fxgym2w8hwsr470us	645
3BaMR8GEgtFBhqwex55WoPwpi2m6pGaRfr	645
1DwNS6VuypmTQgGhVzXtKejZGVd7prbbNv	645
1awCBQi4f4fKhbPww6DsM2gsyQ7fjTY3E	645
1M7ymex9TZD6UMsLSFMZtj8Hj9QGsMPfD7	645
12L7chNqGt5ks3FLgyn9sT3BxvwhcV82g8	645
171g4y4zabWn1FtiSXoVHQLppongDM5zG7	645
152DTdaumxEBumU5NaQmJACWNkJ31ozojg	645
13z7MVzgs1HuD6uQ6oNJnLQfF7ZT9Kh8ds	645
137uLBWKKjYnKimhjMfs86NQEbT7fBQ7gZ	645
1Hs5VfWYatMnSGXGQdfYDLNvYtw96FMLUa	645
1GCn4tWRAjpiQXwcoBVqX4yrXrqpqDADKb	645
3ErsRABsKAxkC7yi3GKbdgzUcKSCXsMiLh	645
12rf9h65LR7eB9yq1w7fpPbfWtVb3KZtju	645
1J6nEeMgWyQZZQHdixejdhvQuM7GfxBvbv	645
bc1qsevem2kd7yqana9a23w6zh7f8cjfkv7fufj4us	645
1Azdt8aYWoa9SJH1hfRq2C3EnjGMyMGDME	645
bc1qwlf0reqjl9eg0jjfv0agsxvpe57qhuf34x8wnv	645
1jquweWuemjmiNN6FNDp8zNKW1TdNUTTY	645
1GDbd3XQUMsaKSANBDYZ3We9Hma2dZGAQ3	645
1BBru5qwenr5HdunAdatDQwzK6sNbDJShY	645
15RkCGUGQNn3J9USCuWoqUsRTqRUnw4WFc	645
165dWQ8KyokwnDMmaqem8VRxYgtVvEQheT	645
1FxfcTNqZh1juK9zAmXfyAK9nehpMd8zk7	645
1H4BunJ7m5DSV4Wr8MjAK4a2GHpsSncXDU	645
bc1qh6xau403cn4ge7v9p9qm5lu5kgc9rq2jjgkrtz	645
15Lwy13ghk1HBhfRxgnev1pXUDiz6z3bTu	645
19CXjrhMcbfiyZKhfLXKyAJGTeUQSGHP1e	645
1LzZMnCp9PjUPyJmc6KjLoCr6XGNKxbrB8	645
bc1q0gzw7x8rjfx378rxt9kv5nfsdjuwu0w89yts9e	645
15M5rn9YGheYjcNBSXRevCjknnAZ32HJ8g	645
1AJaEoTx3d5p2FPvPTEwQNtS7R3TNzGg3q	645
12MZr27nfRknGGxymZgon72bZBVasAB4Je	645
1PR96SsF4LiDe4ricmDH6B4TKNeMRLCz5k	645
bc1qw3up2f7fsp05l25zned02c480g6mfyztnvldy0	645
16k3C9YjzwnrYzFphq5KBgrxsR9pepBHXF	645
bc1qckyhd3yfdezyh6l859wl6yd6jdqr7lcxvqt6h8	645
15N4EJvpofVsmqq3GZGVkDxXdV653SQN12	645
122T8cEtd74ghPD7QBPx5UWNTLknPGLDqX	645
1Eyh2evGAEtUGzZE1kP8YKdrqM4uDzsKgJ	645
1L6tRXbCWP8r58szkVkXFn56oGeSmYabYe	645
1BTyoFmuh4oGkwfBn1oAd8pitu7St31E5q	645
bc1qjsrlna85xj63tzy4dljqm7tq9rvaac90zm75ql	645
193fRpHgqWSgJppbSwErGkbToj6xS8tXHd	645
1Mb1s4HbLQVvCtSp7L89e8E92HB6WgEJ8n	645
1MUPBd1KLWnqDH1W29MBqVGXfs9S3Hzqci	645
1EHPE46uuaeDMrHnquteW97Y9uRZV2sApT	645
1GHxDBCYpmzFHFQ273WBPRvmF8s4HSg2MQ	645
bc1qf2yz88p5arcpa29j3cff6xle84raf0drs8aw94	645
bc1qpd9hg4ecvtsa4ddkrr9svpqrkfnczqq44er6nz	645
1CCTaiS5mPY8zX5Pt9GtxqBXT5Vn9muhpm	645
1PJ6cE58tHQMfPoktfmbh4CawTFKapYnX3	645
bc1qnhr0gt3wu63e6mmdnz59ca5fhq8t2hpp4mty6a	645
17GsLGCFChjCYfmt9oPV3zvAT2ew8UJL4c	645
1DDbQNVrknaNW5KeQhUi4M9zyt7EW7Navx	645
16uqMHHsHF22sRrhrtLi5mkyinvGQ5dhdK	645
3KhXqLWZnK1wLkDnExtj7dCGwLjFmva9AY	645
1GGDi1QwSrbVBRpXaFLt69Ev2epm9NrqTS	645
bc1q22gue852qhr0gx0ghh9eqw4kha5larx898ygky	645
1BGkuQje6zCk771aCnjBDK7n769jH9JEji	645
1G1Ds2hyqJLurxzgkMMqw5aefmv5qwigFU	645
bc1qws9svhlwwln8kv0g35c9zvgl625n058vl087sk	645
18usZ7dBLdzHahA6cU5yDzfGEd7Xg381na	645
1Erke7pJoFayeSUsgNDd34cCQxvpWE54WM	645
bc1qhctdy6mz2exr84wvke99gke4rwxzep6td762v4	645
bc1qerl22k88yffulv6ufe3u3mrcaquar6wn6nw43d	645
bc1qtzmdvnld3d8g0nygs8gugmsypnl9gpyf6ruu98	645
1NhfLBDpeHDthKxHbwDFXRnVZEoKgGN5iw	645
bc1qfzs6whdfmxtqq46cgn3wd64t4u5ave88k5e20s	645
1KK7DWQq81boT3CPmkrBYpaGYtRnX5HMKi	645
18P9ETj4A5iq7QAivZpb8RTENg2oyL8Tye	645
1LNkoDjVnXoMXoGDWMSpx4z5mV1RmT4Qwt	645
1KiFDbsB6gPY1qury2X9sERZBC3phwvKbt	645
1MhYminPB2mTrhZDo24phPuvnL1YbEUJMs	645
12wVYcQm5FSGSSe6UP2Lw4KtKMPtHm2H4D	645
1ECim1Lvhw8mdVC9YhmDGKmr6FUTRy3gxr	645
bc1q83w3jzzh0zwfsjp9jkwz5m2w4qxpqgeqd9plkm	645
1GwgK2SJGsAFArFG93XpRVUTjx6UVTVfDe	645
bc1q92ymmckhqemjwylxhstns663f9nhy3xu5224du	645
1CmxdWPqj2oXuqYHGNKjzDNsLvrsgQpLqe	645
1BWThURR97up8krxF5aqMmr8PauvrMPdpQ	645
1M1TntDLvPJEcALbACLfZecb6oTdQLK7At	645
bc1qdha56amae3gkzhmlg96xt68u4z0vcccadns5e0	645
1E8JbRBzPr1YE7Uca5E4ztHVS7yimkJusF	645
3843jzWYNAZHRwD9aFfuqQW1QtppLTCRJW	645
3Nad9iDqJZKvFPGXyRU7BhJt1jmvpYphxv	645
bc1qsdjtvuq06qshlwjuy203qdt0vxs2023y2680hw	645
13QrFt4j3FSoQ1WaBUNAdi6zQnKzcKuHjV	645
1J3ZaSCF8Bpi7UqCM2RWNTegy6GAigFvEy	645
151r65NrpNHd5M6nwtgdk8bz9dqL52ay8S	645
12dzm6raxhgpFVSxNabg6FkDitzh9687KS	645
1KscLVmEJ7uidK9XHqoSQrCChguewq9r7A	645
bc1q9cxfm9mz9cnpm5mp5udhlgxl36lywdrwwnet2d	645
16DrUodzf5LcQv47bV1w1WT1tzdFfXuexu	645
13yRaAmhHZ2WDPxyXGUSthqqyYxyedfdgW	645
1BqL7eMz1TDHppsUnyNGx1ytiDsYMCrQBA	645
bc1qd2zk259l95pa5dvl0cs370d0mh36rdj8cqffnt	645
1ADBb45LH1Qgiy5gmgPnBgE4WcNS2Yonos	645
1PB6xUAtJtTbBd7TbN8e7HxNETvigaw3B1	645
31rWDEVhpZz4GVwmCj3LVYXvNPCdwjub4g	645
1EfReQDtN7fqJv75tiPZwfn9WRe1YdJx8T	645
bc1qgffltd3670c7uhmj96qk2zspj0s6dlusluwt6x	645
1MtrGfsF4JXrxEhxNZviAQxFD6KTuR9EH9	645
1MGv2EHErcvy4dee3NRneEm5MhtkVZGHe3	644
1Hd5DEaR9Lv2SBJytrSSZrTpGRsXfgBTza	644
1GrBJWaSVV13VoDnAo3RigFtisDe3YhnuA	644
bc1qsemvs07z2q8ntzzmwpqy9rvnv2etg0ar8k0pmr	644
13VQ6nNLGRt5QhvkoYagBsMxTso8v1vQw5	644
18tx6vAbxqjkGWQ3aQMi5JpjAzPejXp7rN	644
bc1q22tfralf4lsmdct997l5e8qaamnqz3gr4vj4t3	644
1KbLGkSmYfzLGMoT688Ci6MjqGSsFDGEyM	644
bc1qwde3k43e5sn24d9pf9c7cq6fx2g75079wr46zz	644
1MfZx7YxYbsTsuGM5VJ3KSoQLJV9jnqLsL	644
15TD78rd3NzBedA45mAE1bYjpTc82jLkxL	644
1KuZcLggn2kKvaPdNxGjr34Ye1YgGJ31GG	644
1JabTKqrrbZGCZ5XvfRx2kynKpCaKC8hWQ	644
1Ay7E79uz17kVNAnMW4uRHYa5AujZwapdV	644
12qh1X3SxRDZjzyCWYrdFDjnjb645NjqRB	644
1K8m6oTuNZR5aLEzAjw4cF5ZmScpe9t1Jp	644
1Fp3VQYdVnBFSFp4x4XDGiCX2QF5a9Hzfj	644
1BSydxsLjHzrG5LurBw95tPricoAgcnRkk	644
bc1qcjz8nh8stsct0lsqvmaxuwyfuz77hmw0j0jdjf	644
1BesNiNAuK96qAiuhBiMwvwJfHJ4TjZSZd	644
bc1qvawj4wejzedry925zknu6nflggtp0jzendzz6y	644
1GwDjCSY7QgDZcX3n3cgEsXdYcgRfnmn6u	644
1C29diPBnnFRfeCxL47rGSWhpmoTV2w38y	644
1NBapw6dAbQc21cYavyzdmBPyEEKTbihVE	644
154DkYvRw2V4MnzPyKJ9dPRvnBL6xxtnqv	644
142aUMHAve1XwcYwaRMme9SAWmGncmzsCb	644
1EUjd9VriqUL6EErtktaReNTumMchMPxd1	644
19xg6hh6wBD5broacS6VgEQpdEMnmVVnLT	644
1K9hBqQKeioU1U9tiv83dchZHT7L7fsNpJ	644
3EfioZ6RB2DYaWRVbjAYVBhoKGGDZSYpFL	644
1FtYJfMLssJBP2oWQxaRCgoC6YJq6wGXzW	644
3Kj7K3AHCEy5bBFEeJjUQPMo9FzzMW3E9n	644
bc1qjc6mwgvnm3tkt37qqm22masygyd838psvvtjde	644
18neVsWRDiiYQqFsK5CMScpcFMgLWFLmG7	644
3EJ3hNdXurTFx5DqJFbJojnCTAAYQtVH3F	644
18BcESRDJWEYBob6cH9JWH79G4JAn5j48J	644
3LqfD1wNVaqq1myi7YUhnScJAJZASS1Xo4	644
bc1qy65auneqgphgc7ffehq3zfhmy47xsczx4fwjzm	644
19eWs3dMi9gZczzizonmZhaM47TmK67Jdt	644
1PDedVDWccRvBAKxYeZ8nFJVVSpNEsKyf7	644
17LcAkgHQtbYexGcKP1pnygkvooYaiJZ6P	644
1GmtAgt2iseEPJoiRXB43Wh7g5ed7BfgG5	644
37NmgncW92YWmMgUFMUAHyBAaiHL5CAhwm	644
1MxEyyML41C1sWmEH6CsCsz8FGGw7jWFYA	644
1FAh6SY9xPH7DYzUiv1waEywoChEdRjYo	644
1MeXAF54UCxZPZYcZNiExi8SxvvSysxd7n	644
36LjVC1G9f5ojHbY3iwzeanFM35XveJRqk	644
1QEdCiH3X6WcFhi25DFFWVRyB2wvKEGqTV	644
bc1qkz2ln6hwwrxsh09dce64uhu6nln5fhgdx97frx	644
1CUT4PreGuHBvuLqEvXoTL2y9upxBDkVgw	644
bc1q9ecj3el26s9zxt8a6l2qtvmx9r2yw0gtxuvq3t	644
17LJjvVWV2C7dh5tzdF2fGBiRWt3FVgGch	644
142gEzTBAyj4DdiZJCCrm2zQCr2Gs6z6c6	644
1D4bYss2ZraYpTsZRAWg2WvyK7uHzhcweZ	644
bc1q5yn3jj4p75g2ans7ukgppwfvwu2209rg0af7au	644
1HusDSY2hsuVapRJqwwYhMgkhYzQwHA4ao	644
1DuCN6kNVQKuKrGoj38sb9iLHSNXD2m1aR	644
1CCXEfT324gYHeA3E65xLcXJdx88YLRfxo	644
1CyKvgsj3UFAiC2kC7UgbFxueTa3qy8BMh	644
bc1q4v2u9r30p5j85fzlvv6cwsp3qs86ng628xtzy5	644
1FkVvsbtwo18dAtk5GM28F15D28mmfKRAH	644
18VGFavyAkgmJX2t5tFvyU54a5eoZSdSxe	644
1LFvcUXjL7gGHQMSW76s38XCAU3njSveic	644
bc1qyj0xg3amma9nuujq473lv4ld337squnwe4qezd	644
1BJ6WJAFcW3HcuNYreQUh8h6r7XkqnxGKB	644
1EsmJ5Gpgavcg1MEK8zWuzxH2zfgqajbXk	644
1AHsbY78vrTWqjK1LWccRXAH5FWGL9D2vv	644
19M2uv8maqKyP7nbwBCEpdE21NWZuMGi53	644
bc1qpqp0d7p4cfztkafl6u9lj80qph80dcpkskey76	644
18FRrZAfmk1gJdFmswJpYJc5CiKC5kqUyU	644
15NR29gFjWJtY4JgYkTnW6JbaFULMZTa67	644
1JCfgbEgAAsPAQav3JoMu1TLQ8hQbLV3Z7	644
1HJpJtJHH5UrFB8dBWug4LVSSJ6gWQ74a	644
3CEw4Qcw3mmadkBRTSJh1HPNNZMYEm8c6e	644
19zFd17UGFmWcq2Soiomu7p7bZjX7yDGDZ	644
1KHkfHCdpKa187tewJ8RvdDGAZbJke47Bo	644
bc1qt96k5dgmjlh9uevk0tsltzu2tn52ph5h9pqkjq	644
17dF186dB3XUkS8skqH1fP5YbVGMp2V8vH	644
bc1qsnkfvrmzwn027p6ql98ylf2k7ms5sqdg7edhx4	644
15EGMLqZtCVdCPfCPwNGD3TZQAiaykrPaX	644
1MFR7SCcWG9FwCcZuDD1cPcYDi3Zd1jVaY	644
1JCvoF9VyW3y99XMNe2xr7RjvKQoNcs9yi	644
1ADhHEgiZoYNYAuNqBZHVv3Y6DPvhknKBi	644
bc1qfa38uyplmp90yuljxrj9gp2stpqj3292mpefdd	644
16NZd1TCUSmaqh1qKmYrtB9ni89udfyiAB	644
1P4RYPx1bLDWhEZRny15gE2bEHqWSM8vri	644
1LvLZPR93TSXBkQcshUk3ZppsbMhhY8im5	644
1FxjY2nfzFM3s7VSiX6gLNWPvHQxjFaQ5y	644
18XBCxJ5GL4YBEwS7q9vKHd6DNSWSjor5e	644
1HJuSVa4z2hoHihDZvsFHiJ3pRNmDqCGm9	644
12sd29tEqs6K5GA8FhxaXAq1c74CxJXR8e	644
19bfTPXFTCfV7eu53CUrgboyLCXFStF5yU	644
1Pjc8ja9iHdeoF3SRDucs65SJ2ZjMg3d9V	644
1Af7ik8TGiQMZy5ipEfe5SRaCZXVTqsZf1	644
1AfwhbJPfYAVwcNApF4iVaMuWAdi1ymQNK	644
18xXT9yd1e4vbJvRHqfFEf3uoedyXYor7S	644
bc1qsqadl87nyw2f6r6ee658mk4km0tefznqxvkvaq	644
13L9EG3mXUZmrxK7S9ouATQiupkQbQFcZA	644
1EFyzekyGabbEvaSi8JohkohDXjALAvDtX	644
17kUPDgVk9fojfvfFqVZrT5XgEDBYZzhYv	644
1CVVYswXDKNoDdze2bSXh1TPcTzLhK8DvW	644
18tprNBSnS7KGXY4E4oVJxqS7vDchpLor4	644
1MFs9gVHaes6QHuuHMgGkTdXVcoXWFaj4C	644
bc1qjwprxfvtka63pfpyly2jdvk83lj9zv25r7nklc	644
1JMp2HsoksaCcMZruXVGDQg436J5VDAPPa	644
bc1q778343g9t7w5mxcpzrc090g3rw0x7m3l04kvzc	644
1BZD1jzqDon5qMwQKgEsQTwa8RHeNRbsqd	644
1F9i9MbMSGhPKWct12VbYyjFsiSbynSKpG	644
1Gn6yLB951xVyGAQHRR2ua9MTTvQiZgvFD	644
32X7ZtZoMQxCBU3rtJoZpZQ8fgt9Q4LCkc	644
1PLjzJJwgRziKssZXq4AdspeoTDJCPqvmU	644
14xLELxvjiN21ZhEAEqYF1GCkrFMB12Sv9	644
3QSpPMPDFkRPPhCUHwVhLrvTCUdfVcV7pX	644
1Z2xPJfLQzX4WScSzLE2oP94oFJCcxy98	644
1MLbjGGpQJFHgrk6ebpr7Ja3HLSC8NVPaa	644
18y9W4VtDUrB1nXVZK46jbnJUE8uHWjpY5	644
1Fq7sKi3rLGk1NVCPRqjvrq29fuvvmbo7t	644
bc1qw2tqmaur57jz8my0xtej6vzh57je09ms33rddz	644
1GyLWs82npkXyQFkPHXpr84koSZt9j9oCQ	644
1De8ionAwNzw8MTLzqSNQfMgou1gAA6NHf	644
bc1qzfhw7uyyj9g5wve5cln3gpfhzwtjpmsa0vduk9	644
1YPdKLBBjhTBVioWGeXd7j3oXrCMwFBvd	644
1JEKq76w5JJdeTZPTGHTTTpwHBqW5i4hya	644
143KTp24dBu7RHAb1D3uxbKdaaFhRt22ov	644
155zvtRTteSZ6Dyii9puhxnQ1SR6rtsut7	644
13gHAYB9iyRy79U5pzNCGsupR4RmYiin7K	644
1JxStazz5Ys4ZQk9c77yGcw6HVxQf6cVnB	644
1A5s4As5M6r6GCxjNzZCRDV5i8jqUW864j	644
bc1q5lc8fxy306us4lv4hjldw9ku5p76hvw08cl89x	644
1P2kN5oq8a7ZcnNS9cgFpHhmVo8bn5dVTu	644
13gYLBdpoL5mUpuHGYfHnmWqKrf6hv3sKw	644
15rV8ZXDheQrSvLTKMAmkN5zhKBt9BDV5V	644
18zBxcyMQ1svPFiCNfRBZpj7LrNjQbsEGr	644
1PpG9N45qYASPWgPDH6UaB2oipErQTLQ1U	644
12kKseLRAQYi4Cif9aJYxpjadQ4oWxhKUh	644
1CykYpbrM14pAvb5sR6h6mbbES1x5JtKG9	644
18x6AnaPEFgEnbAv7QBBBq3RVVAzj31MqZ	644
1DZuwU6oeGN61rEj8vayGYzuaxp74bT9Co	644
15ZevsFB7oenMnFF7yH1ogsnByavqomBxg	644
1N3uRYfyRDXPwuMWy2PEQRPLkJsNwb2iYB	644
3MoPTNiPQrKV9CqMLGv4sfnG1MPzT9qc7J	644
19HQw3xfNvwn9P6oevn3vbNJQV9WjBGqkx	644
1pbUpPSKNMVixTERYLeCVaT7g4oaXdCE4	644
1QF3ZfCEx7iXPcucbi4ixVUt14KBSBrF64	644
1i77Hjy3azfnAdApXc6zNH8VUq44v91Rc	644
1Kr2wYSoJxdHFGW351yvMfdYJdV2dFWfsT	644
1N6fx5bvXHPvcu73LwPtPBHUwzCuQ5WrW2	644
16oZ6VUhtoK64WJUySNKUnts1xfn8igq7j	644
1MDrUuRVtmk2wjmVv7yty79oroEiAgphS9	644
15MgwjgWWNEeVqPrxEYNyiqmT3YDDbQgSh	644
19SHeV5B2RFZ6kzQZSVGY3bmtr7Hp6nvua	644
1KEkmvw75YRDtdzqvPoh4kmNjwW6XAQAhk	644
15JUzQrBurEZ1j59pvnAQXhEUy8TgyiUoz	644
1KmWQWt5jTdzE7RRhX1xxjB6py6RQ7vD5Q	644
129Xn5v9M7ojpKVWtPAS1tr1gnHdjxat4T	644
1L7VNth2mjDuH9tPsRT2aHg98NCnPfgS1Z	644
1EKmUZZsZT9HrwruvNH8ydST4RqD91ye5b	644
1AWeEWPHP8EyPySWsMSxkBqr4ensjAjwAb	644
1NktH1CbURK8iK6aZvTooC8xtuw73MkbNX	644
1FSj8ZabwNq2651hZgEjt4n7i5KmbHWVfG	644
39pSKjcfUNkTdNwsXgRZaDSbKVRZ87thCy	644
12PCM7xWS57Q6TKPqXFpskBmqiDquGJ7J2	644
bc1qn77acwj59yj9xqtsj42kkv6pfhtp3c5hmqhved	644
12UeVqmLVj9EWoCc2Cy2BnGsE69PRLejDv	644
bc1qxw4pe4mpaxw99nkjlxukheue0sg420f9wmnfg3	644
1DETTSMzZosEc3MmXu3mqmmFyRSWhKrHXV	644
1AVSt9V6NU5iZSYk7LBZ5EyVhwjmRAe7dB	644
1PEcEqpjBuaeoJ1AZHy53J4NDQ4du8LZaH	644
15rjGEuL3sT1KbQ2YQwAFsMvJSbLqg8BgD	644
bc1q9276j7nk86mxulfrgnrnv6x7984w45cpyt8gaq	644
1826c1MqYsrkxJ7R1vmCAUAHkduzNXsUBV	644
19X8AptPQRYkqqKp8j9r3omV84qkjgZ7fC	644
1ACMgX5jmzjTEAYNNcPTnmSEeYRnVgXJfw	644
1PgC5h24nU3cEpKaUXqRoVhVJbb5ZxhUzt	644
1LbCJzJ2QgtfpCiWNnSJCdUqAGxQHLNKvh	644
17c8nuhcYaU8TgV5K4VTLCjwff8PULaKEm	644
1ExLLNi4QAgg3pmY8ZwwwEcez7j6YXXq75	644
13P4A5njzR5qLszCgo2GhzpvPk4cJbnEkB	644
12fPdJdYRhJL5RvFwcQ6cLHWfxd5ewV1sw	644
1LrvXYrt4EkRdPVKT7QCm57e1ZDLUfN9nm	644
1ByupgaTt2gnxWgAuT7iFnocmfs3geCt2B	644
1HagH4pWvvixxAqHdc2rVbyAKQQVrrAskC	644
bc1qplyl8wum4tnh9995jx96zrwjfde3q8e4vz6hkj	644
bc1qw4m28rnlshuv59axh2y36rlyz9gmunyey0najg	644
12Vm4sEB4Rruo5TEP2o4UF3dRbW9FZ2ahf	644
17YvnxtEsvPfuH7JJiin9vYq95N87y3Nw7	644
1EjhTfn26oMk3XATUeL49oTUwCdSZGaSEp	644
1gdMTkWDSbn9cn8A1rqrEUTF13p9UqCUJ	644
bc1qhwtg4u79wqun5qcq6dqj6wdpxqx4lj8w4jj4xp	644
18RqM7mQkBz1Zd1vJWq7r8eBCH87YgAEP8	644
1MKVJ2pyabwPMfCxrxBQJHubmqajq1hHfV	644
17GqgvBaDw5sBCBVafJwuEed8gcJwBCJBj	644
bc1qlksnyslhgka7ukueueswplwdvunvymessskdju	644
1KmzzzGeuTzW3Y19A8fJrDZtoyUo3Ygv8H	644
1M9b2ApHxKUboo2QcA7eXxkJB6PoSK4oov	644
1NHmZ7RrWbjbntgYJQBRyswknZbGpGjJdt	644
1HsZHrQroakcf5SNT7PJDKrKR8kzjjJyRu	644
1Dum3oez5yCmaRXUuP5PwjvPxCvE3z5A58	644
12dHad34PBuCGi69X6JTEFabtXne8oWatx	644
bc1qxpxqvtamwur6yepqe24f08u0sswvt966j9dq47	644
16aNTYCVj5ATyeTRpnoUTS9g9tiFQgiYqw	644
bc1q7hjwds8nn62hzmnwmnljeeu52xc8j6h7ns674h	644
131u4APGNKJ3sUQuaKiYuGMTfiLFJE5SCW	644
1H9zUp5XehDpYsbJsXuri18H97GShPP3PX	644
1Hg3XxwW5R8635DB4HvV3nWZ8or7M6q5aw	644
1GTqapJoGsNLSPvK6MhmzeUruaYrCZrowM	644
1JTpvSEuEhBJikqWn51WvfWpVjK1jbmc3i	644
1Arv7AF3uXaXc9VmKuP2rsGKdW8kbkEzu1	644
18DWidgVrDPvkRU1obh2YUuwHHoj6ykLm1	644
bc1q5r7m3ee0g35vtpsyn04fzreedexy7jjksdkezn	644
1ADofKMyKfsC8DZUKm4tHqTv9khTF9s3mh	644
bc1qngk98g0f9emnn64ulm2d6lz0c6mf460ll2kj8j	644
1NjjJCox8i9NH5Mc9eL8cRYJdJq4eojFG3	644
3PBKmAQfUqXjsXMrFS77a46FSXLmJ3CQPB	644
1AUq56jcbKxMrAYwj4Xj5jjAbYH5DVq6XS	644
17YGJrCXoAo6MCTqRuyf1joFR5ieM2UUcY	644
3FgAwUeKovSkDSxWYiagNhzMosVxTKV6gz	644
1CmQMUDr5Uxoi8JgwNo8Mh5GcbpHJRCCfW	644
1S33ed6LRoZErZLCN98c1LVFkyLrzXUZt	644
18TeuvBF5HF87LDVHCk7wDfs6eW1L3zQm2	644
3NMLTrsE5cQbQdk1BJG4cungHxMcJYYYMH	644
1PyX8EyAdVAbAoD4rCG78pFnBPTynqMNcr	644
17wpgS6VDduroPS87bPM9vKosr8KA8Sseg	644
1NBhw7tJgyAQTfSBJUi7N3DyCoU7nLRGKk	644
1Dhf8XUZnckAZvAQEKyph4KAtj6ddVe9hV	644
bc1q0qvfzzcqw58tev2vm0t2nmpj73lsgxl5adsntp	644
bc1q7r9l4kx2t3a7d76v8rvxknd94yvyafsd5xqme6	644
1JYnh1NQb9nLNQeX3P965cWMcA6Bdxgpbp	644
bc1qunhdtvpscu8g2exh7a79aputhh5ytqgc57vmjy	644
195chqSwL62cxbvp9FaBhDrS9iBBrr62Uu	644
1ZvEuCcFw9hMDzemqucNPGJXpQKX7s8u7	644
14Xybq4NGDsn9QurJEWGUoYYaN6wgNCayE	644
bc1qypkzkhaj6zefdmwvcqsq3xy3fr4l6gduzk8lnv	644
14sBibpn79JknnxXYWbE58XzAQikMekaVr	644
1LGwaXHhTNFdTSHzeTeNNGgiHVQ1QhXahz	644
196NMW9c1QrFCkhtXoer5AezLWUpBxJdXE	644
3L2zcHNsNR4i2VBeYUhopgSgDUEbyo1Z65	644
1CcEfh5LJZMXczxNgbehLZ4XjUJ8LANWVz	644
bc1ql7mpahkhqp0tqg37rr6ptm74yas9jl34t8aur4	644
bc1qz66fz73nv2jgyy38w8w8puwg9hpyjt7zqpvmef	644
173SXTzV9MhqHGHSWDGeM955ra9ZeeGBd6	644
1DzuKQ1ixhAi3ipgXPjXnoBs1ftrn7mtx6	644
bc1qhrmy5ge55ttuhlzjj4hgdjw5dm5p3r28lcrggu	644
13b5NCM34CmEbpXJ8S19RKHYJiKwPiNC5B	644
1F1ipE5ZpekEu5paKWopgwbEkLsy8eZZ4a	644
19vyQ7NRkB2g7XpMxBUEw5AzrFZNaPRR6Q	644
1Q5vX7LrHW846ruPuZgQrK2jTDAL9qu2rT	644
1CvMv86FBSU3grFKpvp2qL8AQ8ezPNgwGb	644
1Ea4x5ae9t26oLJaev3b3ZgqgMKq186Pt8	644
1L7fxSNDLBSVNpncbDaDnKWznX4frPpAQH	644
bc1qd587vknee70pef8ku4mrs9duysqtrx2hc9y95v	644
1LwK6beXwtxoLX346QB5f8qcGDEFobCwy6	644
1cQqq4RQysiRe1EBHtbQNQYgM6cMmEVXi	644
1BrQqMBESsc2PmJuF9vjcSNXaVqc12RY6o	644
1JyYcSyNn5TDTLEHDVxZ6TcEFGcGd3tjaG	644
1ENooY56kdtbkbJJ9ai6LdwWrnfJryGdnn	644
1PazYScVRqLEvaG6YNzTPTudnQQE7vx3dQ	644
1LPAkEvU7Ahk9csNWPgnSAxFGgYYtCwP1x	644
bc1qqf8yehyc2pnz84fqpkpl0uhwm5dzlvq7kn90cg	644
1LgF2FhxcDqk4vhEntE8RRTJfdSGojm7TF	644
15ogUJ7gbDuhximMSrgxiUHuDJaZTNW9wP	644
bc1qspx5sd8pmntss75337l0yagwkfumj09h2gmju5	644
bc1qttf062t2swzgklxnc9r5dgc957qstxmgx7s9l7	644
1KkDainmXnAefJXwMkyJugBpRQq2ZBu1tK	644
1LbYK4VVCYKwDNd5BXn3ExjJq7ho86gn1g	644
15ovzo9vBjmHiWk55NPuAjjTBhuZJpda56	644
1RPKZiSZxCUBmL2eVFznjiRPT5carcUC9	644
1EELjwbcc43yWysangKP8PxqBZTnkFKuLz	644
31i69Kz3xYGqhDxubkDUeBKjHXGMLpcQfB	644
1NiZqEUnHYMoEnKyaBRhmmrB8MbhN3UCMb	644
bc1qvzzks3x3ddlwqwpdysfg60kwp02g3pl4t72mhd	644
3EMo5QesTHdVYWjcPJthituXg63b1P6d7z	644
bc1q8n04j23m0wc3sja9rsl727uql8ze4yadrtyk0y	644
bc1qycfn5k53s8hf30lucrlz4juvplvz6dp29vhu9z	644
16oWi4KHkSBgu1hgPmEqrFV2uFfgnvwDeQ	644
14v6CCbjwBy3FpKQqbc7Kr1esXBdShQbfK	644
1C2MzeHf6vsCUJ4RALmHZDk4qExrnbsDFh	644
bc1qgnue88ka862zp55mnn8s0ju4g9hnx2ng8uwl98	644
1GnB3iBCJovDZnrGXNFRKNN8pUyyUpoCY4	644
bc1qj38gp7p93pasn2vhlszxk7nen5k8fxnghhachr	644
bc1qnglkr0mg4ryqttyaj9rheawssh9sraf8cndjj4	644
1HwwsFhKjiBPCTpS7f9rJcUD3EueHUM83V	644
16QKgNagfq3ohJ1iWoxRECv21yewnhS8qT	644
1JNT3e3Py15LccPaiFtvfhCrNcaxcKjkh1	644
14HwrkatFtR84Tv1c71cqBV4Sr3sG2b9Rv	644
33knAGz24wwKpYsXN4fXFpAyaViC7vYcU6	644
194VV4XTxRozMjMAZSUboQdsKtLPhfu1GB	644
16Mrpah3CRT2tixB3Q91KPhDWCWtc4mdXQ	644
1EaYgsQMqAHgW7akii4pmNQPEZKS8JXSaD	644
1GiGfpG4ajHkP6SX1nv78KynabKk5HDCuX	644
1KzsmwMf59WbZ27tSrNKXgXtw5FbjMbYGf	644
1P41rkBeXUV1ULDpBFpa3GimuxneCDZkHV	644
bc1qwn47k3ftz30hljrgc2qwn9k73mdhc2avpqeksv	644
1KuK49ekoGtaL1ZDFC6vMtQwcvuYjvroHa	644
17ozEfYWngxmUfBUEtwYg3cktBNJxxr4dC	644
bc1qrtwxe3aemtzughwvjsvpcl8qn7jljzf7php0qu	644
bc1qvdfytlg3q6h38jlmdtnjjvk6xc08xcxd6lmhqh	644
1LMtoHHMUVhRA9QAxfFoE8m8BjAKhAdAwV	644
16u4zgwxGFyKsFDzwx482aVJkR7Pk85KbS	644
bc1qk5tkkrt70x8gxg36wefjgq2flh7zekfhvrfs9r	644
1B5Sf9GF43cU4sEYKLxcwKoerUZjW2Wx6d	644
1BumjYCZQxj2Nug64hiVt3pHk4hLvhwjky	644
bc1q24gp9cdlyvvr8hg7eugj8mv07vmajkuxje66w7	644
1P1akVDzKiLAcWiKmJTXj8LJJ5W5RuGvPg	644
3AsnKbmXYtTDBHqNervUDiMGj2Z7cyuvrS	644
1cacroMcHE82foPT39gsb4b5fry3Cpmnp	644
1LPgwUP6wBGgK8L4daTszTPByw6mdLjwDf	644
12x2F5LUGUzXYbHYMzWfemZpmgTxspYc2A	644
17nn6AbLoYz9Rccuos4Gej2GbGxngVsgAP	644
16A4Z3cjiT8FL41Bai1KEDTvMRsq1d6K9B	644
bc1qa4s65pfz7zy477luv8u7zgv9uugejf970f24ll	644
1NSuEs7YGuu1ngsMPADQz9mw1CNkYqnQ7f	644
1LdhR3eLctnSmjMQXc6Ym5vmJc73Con3sb	644
18EDsNrDGLxeo6H97bH3KfZwMsq9jvefiT	644
1PkHe6Y13sqgMBwt2awKMX1pA6SzixdtFv	644
1ELbiXnxBzJocoDiZFaXLPNa1hV4V5KEo4	644
3Q9zc3upQD5shsqwKiLpvvPQyUQzPJhUNx	644
13evvwvs7XoSLqgYVGL5vMxiJmLrpqrMBg	644
3Q6X5LkzgyJP1SZVrsGkT1ZgwkQJXAHCD3	644
1HgFDWPMdXqMsd3LHNKpG6WSwjvBo6tebi	644
bc1qfu7tnm7590rh9hjphp0mwlydv5t2tn4ah3zfvu	644
14i6A3yaiQpJDhxLcK7D6EbBGRLpTzVrVH	644
1BgJwMfJXALMYFqE1LX7A8oYjZj3ZZ4Jcu	644
1PAtfW6udkG9nB4HdvaLqC2TQKJYXDjFuf	644
114V7Uv3mMcCJL4bvDDWmPcLPWh8r4NrdX	644
18cn3xva4aBB5G6rvuuYaAbEvMCr3UjCZn	644
bc1qs89gsaf0wvnsssp5v4h0ntt940jk38l749kt8a	644
1KBGsgwTtsR7A3Y4jJRbJfWrkjaHZcEoA9	644
1BK9NgfQZZLcRp5RbD2b5Nu5EqxLRe1et3	644
1FE9pkEaWe9QbpUv7Gi1LJvk71NatD5jx3	644
1LHbQUhB1bWY5K2WSxw8mG1itsCHAGwJpC	644
1BwyNKgJnfVdE8jEqUwCvjqHVnnSNtWdis	644
bc1qdvjqphwz9jvpe54jf88vld696yxrsj479n6npw	644
1M58pmhXaiZrnHVtD79Lv2XbSKy82zYorh	644
bc1q9as8ktzx86drk359y8wzqyt7gu6tkpzs8zny5u	644
1KPC7xr82jEq318Txt4F58Pfe26yRucTEY	644
1YSXM2CwHgXYAUWPvpSu35aYpKr34C3qv	644
1L72mkFGnSHYPpx9JkZMdaBBdx17T64qkt	644
18v5pURK2SyGCnJBSmYyhcTwmsW8JjZhHD	644
bc1q4wnzr388luny63nfdvswfky4yj2mertk4qxkds	644
1GRy8bvx6xUx9aj945dwVkKcvp42muu2eK	644
bc1qfwwhjwxtx07989f5y6596lhnnn63j9gq2clcgz	644
13GRxNiE9c1KQwgTyjnoQ5wqNGSL77gWZw	644
12Ac7kmjE8YLhtAbJmp5C7Vxz5Xh2F5H7y	644
bc1qxdfgrk8v4dxk5alldzy27xwjv64lna5t5arjey	644
1AjfK7yCpsPKQJnz8iK1fBx5wvcQaBbqZ3	644
1SPekLupyZcGPs6Bodc57Jqn5uyYEyoWR	644
1CtKS1p1WSftb4q8EKnjL9HescgVXNRxKB	644
13JVZ5Y8ucv1hijYZcCn3NRaXTQynxa9EU	644
385TE612ZVpLdCdawWsribKJNTYhtwgd24	644
19mrmZe7qixkinrsBhG9sMZhWQeMnavvkv	644
1PcLF8TVRgrZ3mfB9nMhi83zCi2CgDGwKn	644
1KqzDDdV69HC5sNqACo2iUd9xvZdxbFsiv	644
1fPaX28bB33XTfM7MJxuRQ6ZHE6ZSSUQa	644
3GavaiTvHpuw88jcnGEZmy2abPRkdas4GN	644
bc1qh0q676phngdc75rl6e5ul34drmzy78u9hrmzez	644
14FVLuw27GxVn4z11zUMuTdMwvk57aKadT	644
1J4F8KhNkVJnHR3ZevtAiNLqV6v55ubfmK	644
1BhMpvCySw4eZseUSrCFayG9XSRwwxsXBN	644
1GRac4opqLFmqfxaE6k8rnS554fxSRg1YT	644
14FeBeLY4bVxykU6WsTHbmgg1qnbfptjtB	644
bc1qza2f9a6e7gjd64japwazddpln32sn5crl6sfws	644
bc1q3m000x2m5wv8ve2fk7lgdjq9e00u48v8vy49sv	644
3DJHMYyQLikQyuLpsQpgbtaLCQe9HQ1JGo	644
1Dmuev83i5Bw5yommcnWZ4ZAqzvwjvDyDm	644
1CsqkWqzTAisYaUV4MiGxRD3zJCoCWJjEC	644
1FPwpAoRZXiwV8m5Swmhf4ZdLcq7JvyjvR	644
1Ho3DbEqtprQRVPCo3SPunnS5gbBB8iwrn	644
1FWCYMyeC8D9CXVAVeWiMXcsYbkHbk7nqQ	644
bc1qz0m6kwj4und6frjzq3l9cmjq0t3shkmaqfx648	644
1HssDSY2inaBJwraEPdjbe2xFMkU2Dyy9M	644
1GZdWAtEdwpEQA9V13577uXPDQEUu2Fv2y	644
1CsfwnPpLKszrJRtmbi8sU5rzW34gnYTTy	644
1MiRX6WW1WfwfHUDhPSP41jPJZfcoCMEA7	644
354QyGb2F5hEZauvSYEza8mh7gN3V4cF1T	644
16bUxs3XH8kJYPmFyqDhHJQBc3XVtt64Nz	644
1GpWVo8T2xBCRtJmwXWLjUJ9bjYwr6iMab	644
1EZcUjzCvwvBX8SwXxdGAvzoCfXqYvNeAF	644
bc1qkzdappx2fhy4g2zqnhzwr97wugdnmmuvhnvykg	644
bc1qae33tw6875p0zlgunkcaqnf7pzx6uejutx400p	644
1JXkPfd4pD9eLDabttAcqYCvNVo5CMzpyy	644
1FL3UmfYMSw8BzWGSvJmqim51MvyGk4tPM	644
1FgUorGix54tvFbVdLXYY5L9RYHgTxTibc	644
bc1qh73l5zvuajchd47pfcqcragcyt5w9wjl57hdsq	644
1MSZyTPfrZobf2FAV6PTF7SpGYocrvYnrs	644
1HEFMnDk19LjueCkSgAXmraCdHrYoKHn1W	644
bc1qcskhvfrs2p6kxeknv6xk05ege2pzue6et7jk2d	644
bc1qk6knf0zsufjzg43n05rykadqytl46gtfzn5wxq	644
1J58SEK2pyJf4ycttLBRroXHtSWQn4Gd5G	644
1FsUd4t1Egs71wHicLe92UoVp6b6mrhMXN	644
bc1q6rd9gpltn5mk2v7j7k6cva9sglvzsq35wspqga	644
18zAje7PNk7FLtULZx2VMsh1vY8dn2fFmj	644
1AWewfVDTa6CzH2othEEk95k3s7YAjWexw	644
bc1qkg8p5rs3g2dn8kweufghc3uxcl3dxgsvgae8ws	644
bc1q6v0xzjpgrgt9hajcuwk72pk5kvnc38jsc2v7g6	644
15cMkgraAdEriyVMEwfK3ZPw6hRwVCoXua	644
1HVubgJzzf9opzbHfQrnsD1mKLuFPANycK	644
17mNwdmzdYKXA5w26nVnLFZerZkF3GYQ1W	644
bc1qhhrmmw43ycfk8ra66hw53w5gv3n08mw02jc83p	644
1AgAeBn129e6ZTGwe4g2JMdQTwHbwRcKRz	644
155Uv3P7F1MNT9dC51ZJsbjA1RKcnTDqGa	644
3Ai65npG1L6NLQViZth6B1hFKad3pYmD5x	644
37UAtNhe8MqR5Yx6Whr4dgz1SgBsBDBADf	644
1HZ8TTjAFRwX53Yvp8yuSM95cPFPM3tNSx	644
1DjTNNoCxbEaiC1sooxy4tfLTonZziw9LZ	644
1JCkUN7xqHrvmzUa7GFvkqAx5Eai8JKs5P	644
1HcFXxPceGaZdNAcKbsx1RSPz9CJma17K3	644
1NDYXhATVUEUJkLhc7Qz9prMdrhC78R5Va	644
1ExDFZm1RALtwtBhkF44uDzMWXiz79vcyt	644
bc1qq56fqcawktdjlllrkekq99x6huj0sgjguwkfez	644
bc1qtvyr4rmxme6xwdkxjf57rjvwlh7z48a3zlenw7	644
bc1qdnw5d40u8pylny2pgyxnv0nuq0vmme54nx0pzl	644
1AUpAkfdMBypQS3gxxHqEsr587L7xG3bcg	644
1BUPGRgQjeB1chL5kXv2iSadZeGnpxVXp3	644
1Hd85JqKbHtw5K4doFYKfA9Yv3tambLECP	644
bc1qgda8dm48ya5m079pdpvw225chyejrdhayfuf84	644
12tzwYP42itJu2HSYiuNPWv12s5DUJeCuo	644
19sFGWhJMrFgAZUTgePfiqLEwBuTs1Y4c2	644
bc1qlg6wpduc6el8h79skdctu8uaku2ndpgtpm6ds5	644
16j9tuRXHjFThVQCvKNGjSf2VAopmZthfM	644
1GTVRX777pgUhKoLyujTVcfgzNnLaCg7Dd	644
1ACbX9upqJp5nrgfZRqbCQqA2TfQceTvU9	644
bc1qr4qwj4k28n28hvur7yq576p7gk3hlen5unnh2f	644
bc1q9669n4egf3g5p5qavpm843m4zfln7l2kz8dpz5	644
1PWYjaZWzAWiNfqZSQ2uSAvgv44VqFk6NG	644
17RhDY1ogFkBkLdfLFMvTn32mxnK5WRTSU	644
1EP6L5vfu2e1Zpdj4ufqo7Nky4zUuLgXaX	644
bc1qx78f5s0rqyj6x0w2mxck3pzkm3mr25dl2mnrjm	644
159nhmpfLbRXYPH7m2BG4D9kEHNwScb2Yf	644
1G6crzSqvegNeet3zrmCXUoM2oZauVCBc9	644
1A2Qi7uAu4yMETyCLwHZbyhxGQgFV7pawo	644
1ErNNBsPqKcJRs8bFYPfZxLtjcPF6nvMCR	644
1NoZUpVhcBdvLazwaS7eRytGtB7BnJgKfD	644
1PkhTvUg5wsD6rnHtXoXMpWrVZup9P7EF3	644
3LaZ5NHsTZ5KNp6KyrEeqsZjkbwb8P2gzw	644
113qz5jWt4SrvW7RFXty2ciFTCP4Mtp78h	644
1QBGgcX9DyezL9U5HMXMzidDXytiZaqkYD	644
16FMrVzNPQCYiqsDqw9uCaeMmxrPY9DCsz	644
bc1qq99n2td03g5zz6njdqfar5grfym5kaxaw2l9gh	644
bc1qhkhln66h8v0ur0mua3fkne4wh28dvryc7lzppm	644
14SpjG9gzFrefc6e2vsEofpLcFCJh3RT3f	644
13EV8K1QbgBEFr1mqsD7y2m4gKs5BBoSzk	644
15TAAYeJUV8eK1qELLm6oMuL8qCgZajRDn	644
1FkQw5VbvxdtAYzRr3tcLPTsBTQL287eTE	644
1KrdUQSbVTbcadEBTuwTP4c9mn512jRh6Y	644
16sU9phdj37K7nnYdkbj24ZiAN6cKCtzWu	644
1Hf34NM7xiwZxXmhcFnDjDAjRxgT5geAHS	644
1Hjd3fPX5jA8uFQWpR9BzV6R7Vz6Ppbg2T	644
1MwzDZkP6mgtsMniXMZpPcpnmJzB1tKHBh	644
15tfMKGR9P5SCumUH7524YR5YnpLu692q2	644
19o6GcTxAG9Y5UbuehVhKfqT2rURYFb5FY	644
1JiKVhzYAfxJaBnRaG8uo487K3csBmrvqy	644
1MjffL33AMYpMyGovvoMexREBDwsFQakuM	644
1NNNRin1vYCEEJWQGAGkkRgFixQ4z1bXfA	644
bc1q0ysj9t3huw6kn8g4gan45eaqn5ne4g3q3uvu9t	644
1CyMKLcty6T1vdmePpnXCH4CZ9BTn1XysH	644
bc1qgw3hmphu4c96f89gr8xpmdzqg5zajcslvljq4u	644
1EPoem2NFwVdyBPWBbiWUyXZJen9r6KPxe	644
15g4H4rjGPbkgg5zgpUM87pRMfopj8hvjC	644
1NpHFYzmzNoVY7yvve76RCpPRMCSMYUhGr	644
1EQxECb1ANMr1PSkpnaW3x2ovBPW4tjPYr	644
1MgbWLAtgKVgVBu6qGjWeMg6rxZQjNdqUX	644
bc1qntsuxdhrstwjnxuehus5svmq6n338j7sv4jsnk	644
1LZZSTk78UmfHUk9J77MU1p3hDPYDndndm	644
142jGxksYPCtWLXY6VfgptnamLXfdSxCa9	644
1LMPqUcLn9BzdUsvkCW2vWXGA4iTMjxwD1	644
bc1qqsqeljt64zr36kfmqyqgz2ved9pn8d6ph26q4a	644
1GU5hxKNnuDgTZ8kJxh6HMSavq7uoe9i8J	644
1Ex3mRTedxdCoLa8PM423WKdtMs9vPFuw2	644
1yARCHZ6x9eagBhyx8uUJWCFSbHYU9U7q	644
1KAiaN6EXCkyHrdTwtqUL76Q1pNNygB1sS	644
13LgAMkohtwtT5WY5YvqNfjZkXGbhFSrhp	644
1NX69ZGBGwdSgo9kV6rM9PVcvVNL6151pW	644
1NLH2RRBv3pXwjTVnwjdANaVzCFmUJQieQ	644
13kbD56TPAZk6zhtUE6pYc3btyYF41knyZ	644
19kj67dgsWrKhFT7Y8DqA2cSqJhwyX13JX	644
173GuBth1aY4HUFWWpxwPEUtYZmXTWX9JN	644
3HVMqY14WGxeAoHm8sFYkMxQHgBJDhZuBS	644
125gsqzeLwzasiJ3ZZ9NiqKVviQrTkGbEx	644
18qKeLdEz8kLpau82zY6XEmL2rxLc1hJpp	644
1MikGgp9ZEhgcyqUcKY9EaLMDCr6ivdfXD	644
14KBuewScd5AuemmkWzU7NtJZT8mvjoSjK	644
bc1q72z72f63d5uhqdnarlwfy6nl2f4qwtvqmht9tc	644
1PE4BxB3EZSQwsDeFnLVxVTcvQ7GnpkhU5	644
17D6UqtMr8RK6fhU66Sr18XLBY8QUW6LTE	644
bc1q27zdrap0s9jzrujvtn4m37hsy46fw92hvay3lu	644
16vWAzDCGiRo77WFkMnv6d9ArxQRDFw8Xq	644
bc1qd4436s99sfuh3sslsfu4akghgyt0n5chjwfywr	644
18dd45SdDVLQv3wz95ZFmLLWGhEkcWmMZH	644
18bXVWKZ8GFPQKoJsbRHHBxcQVHUs755g3	644
bc1qjyjh28wl3jwft8kmx94kskmn542nx9gkxwgkeu	644
1NHnZPFCqEphpryz2YBrKPNr5hdAetQujx	644
bc1qal36pspsxyyr2ehyruwt0ewczgnxszruuy9yrs	644
bc1qlf3jl42cqs509lg5dvwh88mfmhtka9nlsckrkm	644
1QBmFUvKWxpEcQAb32aqbGpuvHkPQWtJnc	644
1F8cCQ1etuxijQeo15FCqbGJwEfEbrvNR6	644
1Jb1o8EznK7abgkV4W7dLyByZdiErt9EQM	644
1Ccru8minUQ3DjLh3yoTxk9h32cBhGZcqH	644
1ASWcS653Wi9Hxqm1icXncMsgLA7nMEpwj	644
13ru8kwC2q99tvKfXrqvi8Ca73dJuynNiX	644
13DVFaia33qG4qxvaaieZdW7eG9SHqppbD	644
1HYdMJ3wVmytfCRebSb8Pj2syh1M7sJyzY	644
1JGxTCRTsQTnKLsRNEzLhr6mCsiQ323Lqs	644
1798Twso8gURMrrVUQxV4qcpweJAYGGpVp	644
32KpdLLiuSjMnxGN71iLpqNWc6FADAapJG	644
1HHN3KFdB8dR46oWEP97FwSLF12CozkUC5	644
1N4FvevvunsQpJMBpBn2UMVW8JapY9RdVV	644
1PRd62sZESufxubF6rKHeaqkuyp8wJt4S6	644
bc1qc6ttvxt7uw9ugta0xwwdrkz0atyqllnkxxv0eu	644
18hA9j9GT7MditZz1wcoioYW2GfsqLkYRC	644
19BHw6mRTPRD3qs2UnxcD4GFnmzqbjmCEh	644
1BAb98xHG9uJRxRcULdfw3vdeYuE9bFSp2	644
1KhtjxrvqJhVTReJCCEHDsZGnJFo6ZVjFR	644
1KKYXN6YEHbjyfoDvv3f7JujzHhVdsv6wz	644
1GVXePXs1RoA4piQjEGbQAoku9r8Xj235E	644
bc1q030kephcjz28peesnx6mxhrxk07fl458naax2d	644
bc1qxrcdm9p0htdpm0hxx7f22htx0mqdthahyt6srg	644
1KDVoEuyTcGx83qtri8QvvqMDkjstC3NFL	644
175n7V4jH1oKFWU5oYksGbRgEsXCRZRdZx	644
1PwNueeqxSzny8kijeWtujSkVEwESr2QWY	644
bc1qlfn7w3euafvleygy3wtq6uae9expx3d4zs9npy	644
1PmaKz6vFNpkXA5HkqT6npUqqiCr9hDURw	644
3Q8hgBXZ35xDnyhaEA5v5DkUop1rJSJyWE	644
1PD2uQi431cfrYG1esRBZr59X1K24Y6U2V	644
15GK2HLPVhPpsi6aFhXmDXqhDNrBzSvCue	644
bc1qx9u59nj6vnuh33jcchawsm03hkchxat0dhkd9k	644
bc1qy34fqtd0lpdad4hrer5x4326wvmfqul6wsgxk7	644
12STgkDCsBDPWpSAFZaVfA4pHPkyww3agf	644
1MfZFHcqpD4XF9fHVd3QvvwUFNamtB9u2p	644
bc1qmg8390fzmsjlh249lksqg69u43wawnkqw08dp4	644
bc1qvx43wkruzr2max6wr8mfulv2px79vpplwa5tkt	644
bc1qwuvfxt6c0nf7ge8nufha7hrvj85p9rst7sa8s3	644
1J8cN8hUkQaUfyZJMsRFgUyoyBwmNnoasY	644
bc1qlpc8eek7cafa22qmwr5kel6r4qxgyld6330vtx	644
bc1qn6lymkx7nv2jmt3qnkup5k29degtz8g4unmv72	644
15DQr2N8CfZZJxfvux8iNdLKXqbxDCV9iz	644
3QVZX9Fi53ief6QueGh5qUU6qYQSHyyopn	644
1EHLTAcKVVfVhWwTvebe6A7S2PMm7jvraW	644
3DdZwMTkt9jYMByq6t2WQdLvS4a5j8MueQ	644
1Nm2F14VJAFr7XutoMaoQJS3qjyjDUXc9m	644
13AbAT1PKwWg9SdqhwDEyavjv1Sc11iSPf	644
17NokdzcWTKnneseHFX6xX51RDqL3iEgd5	644
bc1q6lvkvzaand9lz3tqp7pl2836v0vfxy9tc7kceh	644
1EzmEAxcMUpXAMVbzPQMqrNGTQ9rRJx82h	644
1DLYMzAh6VdJ2egeHGcENkhuBBeo67Tk39	644
1LGy3Qj1CRebq6CDGcMMpcHJMvcjQPazfA	644
1FETrgj7ywM3mDR9ChUgdKv6vLctg9kGLa	644
1PmNUirVmeAusHHFT4D6GapULbshhMyypP	644
1Lg7ervDQ6MqTXDZ11fw1H3NDAtHw9AYFP	644
1ELmwZE2f1Z5zCmJnoBc19hzwjgjgV2dgy	644
37bda4DdkeWE9c3eKXdWmxaWXsEQHMKA4B	644
bc1q5f088rs4tu4dch9qzzvg8vcym4qlkqcvq0wgvx	644
1BsQBpzaE6aGtX3VhJu6RXe6v1TuF6rg1e	644
bc1qdn9ldthjzl46rd7wl0y5vzvlw7pzvmun6zvefd	644
16QeRoaL3ztTTzjdoJoNmetU2NnESKNbCB	644
1GBKTjknRyjnZurpGmQsggkePqeUwtQE1e	644
1CXjDi7f6yPvYjoEs2GzWFNeDScDPPpu8V	644
bc1qcmup9kf6lmv9w9h48mqqxrhd4f4dnghuer8edf	644
1JBX9R1DYNPkoeBDn9GnLrHm9CZCYFPuKp	644
19h9XpYe3sZ74fPrDoXBsJ3SX4BCcdopdU	644
1HSgeq9vZK9hiqj9dArJnP5NmfsozaEJFe	644
17gr55KSuKtFVaS8UDKyCFASFaTPzkNien	644
18YZsYsRvBqUUaU21j6gERf3uLzY6knCQ8	644
1L5RWcPDPUrbkRYWmor3LdnewkgVE4FQsx	644
14H8SwvE75seSZNJ3VGUHoyAcb8vfhu2Mp	644
1EYni3N7cYu81aGp4hwiGh6C8pgkfs9pUK	644
19gZaxeqhutZWH2K67ys7btPTEQUPpXf7	644
3KvKju3pGw6i5SwtaWUSFTtuNoQjzhfgWa	644
1Mo3tZToYCtUqwzJZ5RHdLapsnUxhj33PK	644
18NxH1h445v6UAXPVujDafxvjmz7xaKmxd	644
bc1qxvrypdr8h6xmelczkwhemcksxx39u2yr2yay8j	644
bc1qzvwqd4guc8x2935lwku3f79jxhk0tqh4x74y6l	644
13n6MYWPaAbheXo3ybcfFfhzDakiEexogH	644
1MTLVj2DgU1ReQNaogjdhpr4e6JsuoYS6V	644
1xDLgH8mcictbdT9ibwCT73ihsiadzfBn	644
bc1qcgdt6svtk23mvut2c9e9g9m65yscaz734ajqlw	644
1LPr31MgrpwgVEznSAd5kyAN4uJLnN1RCb	644
bc1qh7237mf4wacxs2zrz8d2t5yhp5npsfa7kskch0	644
1Hm5fN6WJWM9gyHSTnhYUdcpwwwuLyW6iD	644
1Bhgc5AN2VtJ2LmmoS3p55yaTskaayj3pf	644
1BewxVetLRXNYS6qHcF2x7nvHz9K91gsc7	644
bc1q0mmnlmcngnfggce545d8505vmthjmhyd9ydfv9	644
1398Ne6Bv52MWa345tBzLiui6VVnpNiy2x	644
bc1qlasxlyp8972tjqfccxmjtxqad70ldvs067t6wc	644
bc1qqzp65rn3trgs0uaxl3ynfvnvk30xuc5rf2uxm0	644
1N3JxL3nsgbmK2RXfmYNNY6JfRpj4fu2PK	644
bc1qz2mhy2mjth74c2ncwdu03em08phcd6ver97m9d	644
16rQwAKPnnsAaZzp32grGdKAv3JnX2Rhuy	644
1DmN6UHiSVFHPkxNjTdNVtTNGEAU4jfpHQ	644
14uPuA6qxodBnesuiZFaJjyWnPGGDgxEzr	644
bc1px2t8pzz2yg6jm00shyjhgvy6f9tfh4fv6txs98sdcuhsr4f0t0kq7d4w83	644
bc1q0veqp7chj6wntw22nmed99k2lzjcp8qcxh0f97	644
1BAVgMzPD9uw7BEo72moyfGeJYT8jyoy6j	644
3AmgDkFyLpPewT9piysN6v8qfapNfYKFxk	644
1CNqkFV9KCeM27nbNDXqvX8QVFxjF1Yx13	644
36118v6s5rxCMKguVR4LczHzSYmCqrJnK6	644
1CHMF724d9LkEe9Q1YFRcgKHxy6azf7XUS	644
bc1qax82dxkd7wgykaz993jx8y0p8m6nmr9glaf35v	644
1BTA6NvC8FKZ3218U3SUMxg332aQtX15cG	644
1PCUY8NsvEVRcSt73HiaCrukYAnafWVbFq	644
1LDJxrNxzzDnFonsGoWrD3GKtsYRYyEzwm	644
17iVDceubweyGaL1Mjm6VzAXH5yHu6nFaj	644
15JNfr5a3gWePnqg9RnTfiWFwucs7mBFZW	644
1Z8xH195DxB5i6GtRYNvoxuerzy6s8Gpv	644
1EAn1PPAEGEXNn5fVthq3GPLsvsRa4j14V	644
18xKhNFu9WtLTp4iF7ektKGeY2k1vS24cR	644
bc1qw94wuvxyw2reu7e08uhhw7ah854drws45vd88v	644
17YrgkScni1S8ur43ni8rYVkzXf9eb6bJg	644
17sCxoCYwbXgzzrmyUqEshAqWCR1BjGD2m	644
1DN9FoKrgbjtnqnUtnwe529FNFShi8LxLW	644
19JDoxmEMqBDRLDj8HyDiVmzxVyb94CCxs	644
1JMBLLK75q31cigzFW9JQCmcC2jq6467FJ	644
18B3qAH42XJpSJD6CXwUhtXqdWQUTs5bSw	644
14BcgqVETHsEhaTnE3AuAhvmtkEqkNn72t	644
1LckkGSrztz84DeDhXHULRJc7o8Pv81opi	644
bc1q6lq6h4cermfxpy3fqdv82e5l8jd943pah8dyvd	644
1Cu92w9fmRi8WomGgi85fTmeCU2uqBxgoA	644
1CRLRorgyb9gWAw8PofwqDwZ94u79TjVxz	644
1MoxbbWrerhC4ozFaZdB2jRhmXqSWwEzbd	644
1FxrY37n3KofRYmd7fVxMcwYebiYHgzDd3	644
18p1jYYvcRcg1MPi15HhSM6K9a27K1j4fn	644
16L6ua3rvPRSYVQeP71WBNKRtBVt18JaU	644
17Xhmxm6UYfQoDfjvGyUZgTXYaQ46kjUuZ	644
bc1qt8ac9gp86dfxa84wtw9ehwweangrqqhuwq28vr	644
14R7NrrKhjm9Xn4HHsWn79wsgbBtJ5my5V	644
1EDLpE5VFxJU3Jup23M7aoarn2AhtMDAqH	644
bc1qpa300r9c2nsw3qhquj3e25texh7m9akhjpkkyh	644
12iLfBHKyY4dp9tAfAoBC3ZxjUgerg1xSV	644
12wB8NEwUsQYQfuhxMGD6xx3Dqj8MocFy1	644
36T3VD7NgyrC6tViVND2W5Ym32aTaPyXrx	644
bc1qh8lzh4n4jffjl2jkpvnk0x57crc6f76uqqu286	644
19gLdWU8AHkT6TmhQomgitoAzXHwHSryGC	644
1ChMouiten6hWNwXDSdxACNMiPjsCAHac	644
1JorRQzkH6fThDmCchgcwdZSJhPqZnLF6f	644
1Ct4KkJAq5gCYvwfiDrMr2y4stU7r5LjFp	644
12fEmfAgP2ufd9G7nRFPDehYg2dEFbuDCn	644
bc1qj8ml9n6nz82tlrp6xxe6pzemjv3m5y06vkh9qs	644
1CqQqwsF5NijvwKwkF3U37NZyME1Sved1m	644
18HkB2zVifCp623K7e4KAQZHNWfHt4YHSW	644
bc1qvut4u6nl7wu7hdl6hzs8tvg7tpyhhhl3xxn7k7	644
1Dv8NpPiXU7zgwd4t84P6fKPZh6q53sD21	644
1J7PYTWFoQi46Q8NbY8UdLHn3mgJFxmEFe	644
bc1qva53gll27y6sushaf5n3czsr30mmudh08aafea	644
bc1qqfe95d5dajezh8978v3n2jydzqlnkcks5nz3au	644
1DiXMDcDvGxL6VAXW7jgZ94A7XFRsRjQVr	644
15ky1MKFCKEFxoEFND9GuXf74ddNMw9dxQ	644
1JEQX6zyzyAy9MfHK3NRWFBKwEktawdd59	644
1KS2M49NUd98fEWMK1EiDsR2fN45sJZDXR	644
12erw7PHMvsqstjqFbBNWcmY1k7RDnP3Y1	644
14WYLwKD7JKmGVtdSu6kiSRZtiAmQ7pmcp	644
31hXHxnRKXGTvd95r8YiU7tf7okyS88kXc	644
38Ae5fAz7ARbu1fKJ9nyog8YyUUNbNxfT4	644
112FSc77Zm2sxW7LqpicY5Tt6Ki6QvD1Y1	644
346YMFxJL99HT65r1Ka6wmRHr2x3up6Vpz	644
17cU2Xv8ymNHCJcHzGbacY2ThsjRNcxffQ	644
16bFU7FnvVGLwUPuLLw63DN2LJw4E5HGBS	644
bc1qdx2ysm4r4242g35ymg0k5sn8jnnzyjgq7d6c9n	644
1E15iZfTWfoGNkXHkvyNuUEyDKhxDMtDws	644
bc1qunq7ymgw4lkupchwdexcfddwl3uhd99n7gygyg	644
1B5xEGd7JwvkAUoRQWdujD8fMp1U2MLwbF	644
bc1qze5m5zu9e2pyytphjq6dhzxmnt344vwk7p5pgk	644
1HRZt5j5kF7ABBtBU1neYfZqca34sGaRee	644
14CAKPeB8RWiEmnA88Z8UaLAwJzENjo2gk	644
33CLdEYyXVbUxZuEX9X2nTheSrEoXwvew7	644
1H5C4SSWDjqscRzcJD6JQu827jJjBVri6Z	644
1B3nURhhvLYnarpRBqYx5X43xzzQ9PmCYj	644
17h4sjdBkVqJWS2SqpcQdPSpWZ41i7B3FX	644
14x46A8dYvyivAQs7UHo1zG8SB3EHKMQEZ	644
16DoWc5t7M8ABRKaTVsCrx3PNw4ifwGpC4	644
1FwJ5icVPotCB8wg1CWC6NHR4f2bK5pKeM	644
bc1qcawue8pmqa2nunvjpf4gw65fqexf7aqudcqm3v	644
1NocHQxWowpmDikT6C36wFfrcFof9bnBVQ	644
bc1qnr5aygpwmj78zjn8vt6p7srw0nnpget36jmpxl	644
1P63A3YEYf6nw8SRKvcdyHfyGCC2pothLL	644
bc1qmdu3dp4u535e37j37nkz6jkhjsase4h0zx9zf9	644
12G5z4UEFbJtkoCNihF86CbKJaNeR5cA55	644
36ri3SpHjnJt9ZMpxV5wYzK3Hq5zzGHT1h	644
1NxC6a5zw7bt2pxsrUhmqrD7pED1kqcH5z	644
17vnT4SGkZSQAguYzrxYHoyor2KxwJ3EMC	644
1FkZ73Sb4inRx6QErm3z4CegcNwNDiKaPJ	644
1BsP3sMuCWtTXKXydgQkYVh2kpDm6QypHB	644
17av12fWCAzZoifn2UMQUq9xtHk6mEYQaG	644
bc1q3z6r8wd9588f5plzwzasq745tk2ewqu2h8twm9	644
1QDJHAzt8Xozq2fuXbU1rkfScR7r5MHESF	644
1EPKzA1gE5toKoBMcMiA2xUHjEgooyaVNJ	644
1DWgSRTwzn1c9FsZmjBZz8EtyacoDsz6y8	644
bc1q8842jykgezxcga5vrf3ccnv4ctf3qcdvy9rw47	644
1BdKqTe8XV4Ji6T1vi7Y47ccWio5U9jNaH	644
15jzTXPYMNBi3KZCwwqMVVDPQUjjzS6Xid	644
1HZo3gcF9Cf2V4nR6JRtehe4dVsw2CtGMD	644
bc1q5tfn5f5kcsl0kczdcj8f4cmnu6cdck6aefgyp2	644
17XjifuiwXWAXT9fACXNp4iHfnecYHXcGZ	644
12DQayuPCBkTgAjVDW6QkbDujyuzD4wVE5	644
1NmbbNvxRmJxhU5R85dwWjJpdp6btCoStx	644
bc1qlzxrasmm59exknhmk02w5dtu98ttf8f7xvl0c3p0q9vn9ehq0u8qfltrgh	644
1ECEkRDXR9AtFVnSq4sLdaadDF9sd4s7Kp	644
14Zpewk8oQrBU6ZzWb3R7obbnWLXQpfq3Q	644
1B5aGVk78dTD4Q2Co7E6mr6cf3bRLCCkpF	644
1PPJzXf6KqNcK8kZSPbSAkvAb5qs4wvy6r	644
14C21zGmcc7j69o51ugUzCxbGTJZqNYgTo	644
1N7AMkURgiWwLZJehA1oBPxV4BxewD4k7z	644
bc1q86f0g6kqgr48nnhd4lzjln59ffcfdtmpyukgr2	644
17zEW1bFrpFZVkYJZTLLAFhmfoCaXc8cH1	644
1EeYvXhABdpsAaE7aoXasiAs1Z3CUt9uUH	644
161WNdjsf7BbTVWN3GLtNJm6DPEHYwvwch	644
14btFxmYrSDkbXPcTb5veiiqEWmMg6rJEA	644
132KDQdSwxaQuC8B2giVCuwoL2KqcFPTaH	644
1aMucYaStVrEXGUBP1XkMhQ8Jm124VSQj	644
1DnYmPoBeA1ies3PCx2XMqssoy7p6mifiC	644
133hiT1PLywpvk5bQrKRqXvSojUkvYUsku	644
12xZ6B8uBky1hTvCUwPtrkuHt5rRgX2LcV	644
bc1qzgc69ku6e329sfdk9tp9nc2rpzuv4nze2cznzs	644
19sVb7VxMq9V3HDqbhFhjrUmaWhRgnMLEd	644
bc1qsf0h5r20q4a2ls9k0avfdec89zdf0nqfx3ugzl	644
13eATa1D486YWqXQC3E7MKv1RUhVwrLvKa	644
bc1qdurhvu39ea4pw0k0sl9qqmre4jsrh4crsngdcz	644
bc1qme36s86rudsspz3dfkv88fmnqwl05q8ehd8scw	644
16emS29AsMz3cBt21GKLaoR2temC3ae346	644
1Mn7CxBppqy9PT9WPmTa58bH8pT4pntjkP	644
1FFkTkkzxbeftDoDtr6sVZGvBPS2FjMR4k	644
1JETyzFi83rCurR33pYVH9jifDyg1v7z3T	644
13pwKMbDXbwtMeo7ZNEhtbY2eS5U9TMqjn	644
1Fukb62rwXdec2dFaRisMH32hvv1dyePjr	644
1PqcDUQFLk9uaqk2aV2qcF8Suq5kBxk3XA	644
156Wjam1zUmsM53Jr2snYrV7RBzR8rg3yo	644
1Ha27BvKrLsakDPJvRz5sUjMeRxD5rTwvw	644
bc1q5kva8ess6fxrrjyts403ld4swllxs3pqetpfl4	644
bc1qczrpmdwlgg9f5s08njwzuttxs4zkxxhwsnh9w7	644
1HgnVmYMYwk2XbgDogfsNdmRWZTPLYyjJn	644
13LLPZMC8XbHp2Hkou8E32XuSHcbRzPd51	644
1M4i6Pwao4qfxyXEhghZcYpj3ikQo6s62e	644
bc1qr4zk89sg98357kr3lm2xu3chgdelxfzhl4l8ln	644
3QDChGiT3Eyf2SuL54G9QtreqUC1kCkx6G	644
bc1quzexzayyqgc9uewlxtyv5ev3hummhsqmdk0hpa	644
1DiGZVSfobL6iibxYmoz34ZLGMhLCwjaKM	644
bc1qqpersswhc32t3g5knddcqnh3ttdmgfh3ynagce	644
1KHHdJKKYG1A4zjN2VeZLG4ppCfftKKfGY	644
16Gz5VxNFVTVFzSm3JHg3f3M1HvQAv2FCq	644
1H8Mg88yXzLcjg1riRJabjiNHYZwz2mL8F	644
bc1qp6g8qqlrglt7ydkdkvhwzkxha92mftamsfmkf3	644
1PkFw3CE5BsR4uLodaRJU77DBmJrZzbqyD	644
1GnV8YvGyHWw7Nfh8jNzTY9mmcZNWGBoLN	644
1ACLe8uAMWWYp1voKSg45h6HUZGVM1uoeA	644
bc1qgz2xukft5xeh2rsgj5ld5c9rxrgw0nz9mng5d2	644
1HUgCpoCjfxuYP2FpJ4k4957u5zXqY8ArN	644
1MxqCJW457QNRM6ZWWBBtrsyqEcbMUuKub	644
1SGYzkpccVk7QkHokKqGbZNQGBnNh1opG	644
1EGmhuzh58PJyQWHdsxsi3CnrVcQqtagpX	644
1AoP9bfkgWZ6M7Y5UN6WLETk9t8n7yAqF5	644
173uGyAAv7vyVqWFMa5WbUcqgtgm8jPNc7	644
1EPtCCqfcFVsmStejcnur9z9aVc6T5nWju	644
1JrKw3JKiVhcEWdTaGZXibozVsdQgWmgot	644
bc1qkyslp6hatrq6yp77phc6n9rfjpz3jaayk7ezcg	644
34YyfaEEv2owVQY8tjYrJ2og1ko6tcFpPa	644
1B66jSimd2itu8mmWnedBCgMceKdaXNQgv	644
1M2tGXedSX5LXpJxByFfbt5nKaQdp3TY95	644
1LUiHCqHiyeH3onPqgbZBw2tuifVSCznAJ	644
1AxPXBvTfKgjY1jTzTbhmuDUeoP8V8tMNf	644
1Lz7coWx41MGaSc1prbY5sy4tK7yfzUQT7	644
15FnWLKZ2fjcQhc5XydZNtGgCqWegvSXkS	644
35C1Mk8GHjg4RoqEWazP3oWAn6v6EaedFY	644
1EWK9RMPB6LHhkqgu6sqhN4Cxg3qYg6nxo	644
bc1q53dnv0ys2m2qvjq0486cqdpyw03xu563yc9wyl	644
1AZPgsmsETW85fQyCwowrAAfaAfhyqZsr	644
1JvHXU6aC3BPZxScCbwd8aeV6YDysvKKEP	644
17GCNJDa1Z15pqmC9JJF8gX1nF636ZjuLP	644
1BXHfbDHkCjbvZFoEAu6EKXWTba9BdrS6f	644
13TD1nzrmQj7xMG6k1oCHxj3MHUXx1XPzo	644
1EjSQBKSncMQoKCiLNjgSXQhEGfcxHS6Kz	644
1C2kGCoK8zhhoiD2kLucVDfZvrXbu3Nx2a	644
bc1qxlwtrq676qvpfr388usy0huf3ysk99r6nx02y8	644
bc1qk3sz400qxut5xd5trwhqxntfu3meru448en70z	644
1N32tsRPjZh4HVwHzxDw4ScArzALxZvsfA	644
19uMZZdcaKn5KBFCPUkGabjgwEFhPY2Ga7	644
16xfR8EPm4qaNCDedVNX6XnJJMG9g1VRYj	644
1Bn1C2hh3BdNPJbGSLEcVSEzBUrjjFbEdP	644
1C2XQL7trqgUvMjBbesM4kNkfU5qGcnus9	644
bc1qsqlssl7v38y5lv56qp0hfryj43xa39uv0wjjwn	644
3Nx6qxh2ZkxTJZmACDScPStq5hDzuvuHNp	644
116AQnzxDVUEQw59HZAhXNhtLzG3LC74A1	644
bc1qqjugjd04rtjfth38ert8j73g0fyw0qt6lnuxgp	644
bc1q9qmyg7sjdyvnux0a4wjeun3thva9p93gygn9qq	644
bc1qu447cz4gf3hl0gekkjxwh76954vzjj8mx20yyr	644
1HAkU3CFdu7qHfsKzTRC7b44s9DnXyRVc3	644
bc1qps7hxx7l4wzd2hx9lulvm00r7wfnq86gndp9qc	644
12dBvqaVhutbdKbpd7VC7492unh8G9Adwz	644
1CdmC3BsMg4FbAqeTXe54nAYpueLpMEaRK	644
1QJZ9YVXbGkWHQ9kQFZGnTSAiytw9NQFZ	644
1KhbT6HW2ZSWDpKnqaQA5zeDpmt9LMwkE8	644
34gW528whC3YosZmXGdZJYFY5TAVrhfcmo	644
bc1qjekev2acysdjjzaatddt06k8m43ruw2q9k7csq	644
bc1qk5hkgwhqt78unxu7km4qkuzdh7v55n2lzja68q	644
1JfYrUvyb4Qt5goE4Wvc5EfWNEziowgDoc	644
bc1qe6awqhk34jmjwwx6vcqxey5490hmdg0xhaluhl	644
bc1qh372765a76prdj33erlz7gx5ncfganjn7xda74	644
15RXbAuh4W7LrTxmQbkJSyhbexkYWryLDb	644
1Mc21CQZzgMJEPpjbQHeb3SGVmnazCqyhs	644
1EkYuKgaiEPncmq1oAFAryitEwg5B9giBh	644
1DGXFSMkddGnBg8LmxXEXnu17EVCHbVEJu	644
1PoywJrS9cTXjoS9NqwdskjwA7mng73R6H	644
14zWoBj1jg9zyt4Z2JPhJxQkpcbVM8nAkn	644
15a2LLpTARDPUJH315Z21G1v3J6EQFZ9yQ	644
1G59xw4DciCtJ1bWW32uPuvwSFdycrS3zt	644
bc1q4vads8m2pw4av6vpf6xzkzm2je2clkwxd5uqgs	644
1BMT1RL1xgE2M1MYBmvEFEG9rTRSpDwdX9	644
1fmEzYQLLfhvEZjZKsNTKJmRTnWiXrwY5	644
bc1qp7ce6nx23x357szxxrxd68fcrlujjt6pnyg335	644
1BtWxjhxtbuHyuqaLS3WBgFGShf8beTkjw	644
bc1qkhjkg997z2fgkx0gpz84y92zdkyenkvgkx0jq8	644
1Cs4z9kiQjwXQtg6un5FcUVk7ta7z1Y8SX	644
17BTSkUxjQuX1q8oUFrjwencfUxnknUd5v	644
1CPYbKBiXokii2ow1fJjMJvsGyNJsr1gWt	644
13sYUJ988JC9gJUXe17Ey3eJJAXfhPwc4v	644
1HhkwVKTJrnLaHPKJBJVEpAp7t9Qo7nq9u	644
1K56sTu233Uj4jUknNAxeuQSLgoFjuCPFm	644
1KRvM2X5iNp47YRH6kzAVChpBFEtjQJxfw	644
bc1qye7kyeztm3rhm48sv9tfjjaal5mylegevmc4wv	644
1ji3um2DcHFrVvQ4NpjR12yWeYJJFerLr	644
1KAMCJmesdPH29pqfkpsybeuzGHaL4TDx4	644
1DbGWnpJVKGPzg5ytTuzNpT6TPbkqCQwsg	644
1VgMdR9pN3BTmJPwCSPBV8T7xAT7DnLMy	644
1KXTNFXVULHjDDaQKtWYNBsMMqxjNxJME	644
13rBJS9Aog5xPFXMuqFskxzEQesYCJcser	644
1C5Hy5HnQW6KfppQHuLCAh23zM8MWfMioY	644
1MFid4kja2aX4n64R91zPbRqcEjP8Zthfs	644
1M7vfgWZRidH1khTttrk2avpqXkupkPSXW	644
bc1qnuu923jjulmdmcngtjya5n33s6g523pat5xydm	644
1MLusuPtSHxZkV78MsiL3WqYoCjWmGicFb	644
1NkiwowcM9UVkLsUBsFjcVqERgxrHBunxQ	644
1FyaCvugCifvmowDt1Ukqr3QwrpG5ErTVd	644
bc1q5y6mgkkwqtfwachqsz7fu3jlceq4fs3uy9tdph	644
bc1qd94yqphnehmg8vk4fnf23m720c4zmmcu0ms424	644
13xMAXoLpNJntiW5jUWWZ5PPAWMiV2PQBq	644
1MBQhvEvzYx1QxBmjF5hQtjJ8rYd768bTu	644
19T1xUfLcMcYMi9F53qDZeoyTryicNe6ng	644
17iao1mtoLyCHA5y5sD4LWx3Yj79n3bWK7	644
1LhjFjEm4MDzNeUCHQ9HPiPsm63U4Pg7jU	644
1LhWAeopoQ8Qowvk8rdNnNr5efBnRdzsw	644
128DurRGF4TK1JubQJDo23QbF6QJh61j1U	644
15bSmMZtkgARKPdcK2VnNRd7r1w7PyyGr4	644
1MvTiWczZThKLmzJVuWEKNLLkpL4LsmL8v	644
14UcCsP8qC1u7Ug5RaQXbyLm635vW78uxL	644
1EwBmbBe7T7NeRjWwGbofF6xaeb82rocnh	644
32V2AaNCQusk2ae8mG3QYTtFwrXeTgJBHP	644
1AULAxXVJKgBjrmEs3HLDmr25Z9tLEc42j	644
14zmo5WjDSYeGDEQuyXJ49Yeh4nTVELvhC	644
1E8vwj9ejPrdidCWNbYsqjscjB9hkUmvmk	644
1JSJKgyFL9a7eViwYwC5zWgg1q23B2rXWu	644
1BuMJjBf1nNxd5XUsRtXnZdhKhvU6F7qJL	644
1FR91bHLYHCr1cAhG5zb1aT67FtDzjmshF	644
bc1q8melnn6n3x0duf88hszhwglqn3r9g4d00h4r76	644
1AkGHWDzucmSKvGMyARLJSZ71ansLm8j8U	644
12mvizYKVwts3tLU9yV1VVAtqnjwUQc1kp	644
bc1qyj5p4w7fz5adlt04mgv2hgxk00euejh4kgxgsp	644
154tP1Ff8LU5vpR9uwMTDifRUqMvRjhzmW	644
1FEJRN3fk8S8aWsBB7SGJnXujQH7Am85wX	644
1LUwiPrJg6y7w6sspGTYsu7e6mZb95dxde	644
186oqM4vqvsnZ8cdVpwvyyTAq1HcpxPzYs	644
bc1q9rgdly0edfu3qlcgfysfw3agt62m3k52f8e350	644
bc1qt2f9jcywjqqq6j9lkapjuje8an6jzkvuk7j3kc	644
bc1qy5e3fzu397zw7z97kmjvnpu5phr92udjuqumdc	644
bc1q6l63ew689jl6uyzulw5pt6dmyncnfvk4jhvvt2	644
1M9RCRWU3emXGqfoE8wgCg685DVg9EUeYy	644
1M6TqVxr6cecqFS3xCpQqCLSzgjWyqMWmP	644
141AKmitqy3YWcMjADyR28g2386k86VSMp	644
1DLQtiyzPH8GCwxr2vUwZumeQRiRuqbLD1	644
1NdB3NxJbr5WJbjRMqxqMicSpP5axAk1d8	644
12LByT79WxaG1UJpx1RBg8PFNGmAekYjXQ	644
1HLUXHcH1iuypCrCAoWStVUs8jj54iyM7T	644
1Q3yAWZkoyDF2mkXcRYKRiiAb9Uht7rMp2	644
16S8P6Hus1FNGnWNsjhUwiGnmsQU3LQSpx	644
1Ar2EdsdZEe8qdVqMUZmotjGQM8e41taPh	644
17skWHxNibhM9DDzfA9CkfUc1jdWGr1wYn	644
16TEfxxScTK6kUifVkiNhG3HYbiRC3y9cn	644
bc1qckexnrsxta5uzlncxl9f448wy5hpdgxtmhvae4	644
15pKo5uJSb4vdhAcAVYJn8uByup4DwJKRZ	644
1D2sJoH9rYPMVhJ59hj88X1hNHP4RKrzy4	644
1N1XbHt23C5NREu94Z4YtbBjU33EdY3scQ	644
bc1qfalfx8vnd0qqcqznxtalt39vzl4kaahjawy038	644
134D1ZJJDfM1DmWNoAfyncBiA65KBt4yma	644
1MZhiwcPGN74PcfANaVnjG1e5H3RhB42Ys	644
1JChLjM21AN1dj7eH2Vw5VQnmkV4SKyzu5	644
1MXJnpqegSL97bj4RRwq2w3ury2nZAQnFo	644
bc1qt5n2j2tze2h5akvjuv6py700lwe8e8ngfuh06r	644
1QKbirQe1VSZxmVWXj5FWCVeP1A6PTu1Pi	644
3DWToPe6zVF3YR6nG7oHbMDQPADDW8Du4Z	644
1CgML6xjNigvyAvp8S7griXVpWHrRzTQsj	644
1P58UJaWdtzqqbLXCTAdXpMo6Lw7kcPqQu	644
1PiW7Mg9CwYDP72kaJGsP7gbGpV3M9gGC6	644
bc1qkx5cxlsv86y656hsa8ct7z0cg6kucqzh27matj	644
1HxtErJYaxJBh4NTeVT4nJs9UDy3cMjvsL	644
17mjU7Gg4djqJjAFtPi5ZQx7xn5z2pJBxT	644
bc1qy2h4dytweky60gpmnlxw6pj4xeusxy8vwnmluc	644
bc1qdcr27w3vhmxansfm6uehqaey0z7y7wzachgnss	644
bc1qm9kd5sftax8zv70d7gwfvjhx97u3jj2n7nkp2s	644
1EgpWReAPX1i2jK7hHyXuUTFtpvvQbFe8V	644
12NJCgcovozrhwRNJZMU2erqwv4kmk8shn	644
1A7nJ8hDQuRvxUQ6pjXJGyX8nrfKrFnjS8	644
bc1qhx8klmx7p2z0slxthfscgzg4rew5usfcuszq5k	644
18QtAGJnzRUf5ew8SZRHtwE3MHHKKcM1TL	644
bc1qlmtrc5yqljd20frwhlmxm66unrjsgh3a0fugrd	644
1NGNFUMRCMB1HzeK8KutxSjp6T35LWnDqx	644
1BpdWrWMnXfrNSSHw1PZ8QB3wUQC5Q84z7	644
13L2iNsgUP3SxLbaPfyh78QjQSfgCdXvrJ	644
13SDj99uSfj1rRjFHkrHYrNxfgVMYAKAkA	644
1QvPFzMRtb9nH5Roe1zrhRf5Lm3GvsXNJ	644
bc1qaggpzr56mfh3udaxaggwtru904csqjhr5rnn8c	644
1PPgGZiwpijvKJDCudPnhY3896H7mH7eaK	644
bc1qxaqwulka7wejy30k7v4nxxfhcph7hvs5yf42cs	644
33k836az5w57FpyfJz4Q5jyYU3ZscnkMai	644
1MASYAftYtzBcRgpnuE3HXwDzytT5fdsCa	644
166VhzNmvMVhptSJow47sPvBjtb8WMVR93	644
1NdPS4ynand7q1Ja5iHG7AofiTZ3AdFfbY	644
bc1qkvgc9d00nnw409gz5faywqma3dwcdgugz77njl	644
1N5Bapxf8dbkNDCJ3dQCWdKLCVugK22nA6	644
1FZAacTtFr6oR3hMUd4NFXagSWNmDWs98k	644
1N3gcDAmdCAiUugJpBdBmQv1T887CLebuW	644
bc1qzdqf9qjx43hu422md5085004kesr4qy5wxh05f	644
1KpE5S13hipY1ziMGsKuvhxQKB2gsrZxsC	644
bc1qtg5mx4ustsezl4s96up2f53ssrthzlnalt9sdf	644
1GKXKGHcAyz11Vgkt3bFp7b7fVwPXphpyj	644
1HKLnYY9pEY5wmDJidB39GcWHnuKRqjVo7	644
174sp2j8cTn6gH3JXrkWFiQA49rab9P8uM	644
1L6ZWiD3ZkNZNJUhkJ8i7Y9JtFBh3xt72A	644
12FZPiACpSRKEz7EUfPK8w2umTxtrUQLEP	644
bc1quyjk95mq39g28aqq65sx3kvprsavcqvxdn8f43	644
1BfucjYDKG3t3eR1Y8dJpNLix2ccPmK8WP	644
15sXSojk7SycB77EJYxNakv2wzPwqRGhfc	644
1AHUPEJRLBivZs8uswEeq5wHsRh3M8UsKk	644
1JAnd4ryGknVQ5tApGK9SH7QN4hkBDrKGk	644
1H4BhRsaBGS8nZzAUvZrAnSNj3pYPNKshL	644
16pqJ2iZ4giKHnUqTP8JXqYDoMgZXGkFbj	644
15hobvLMSWKyEkBhiHhDvxx1zMFnh6rTp5	644
bc1qv63mcvh2220anv2dcp0ce9vyt66rre3zv6jaaq	644
1DTiPUEHyAGJfnAyFSZVY3AhN2zbBSzC2i	644
1GqnUwNSVePoRUKEU7g9RuK7cFZpnkMXMm	644
1GYNLr22JssXxiMuMBdggSdLceByZ1aszG	644
bc1q3sn4lk8w2slke9tq3gft3p5e8wj5tz953jukwk	644
16YTyPdsg1KHRZpQUivqgeqbQHatGnpmwR	644
bc1qr06ternqxvunh7mrx5q9yghyz46q7a8udktd9v	644
17AoUKmoBB8Yhny7TvtSwZGAYDTEM1duyo	644
1CWMfbbpLxo16mUNWu1krWvGHeGxhPN2dV	644
bc1qsk4unmg2npsh7luc88z4q2k6u5ey5r0f77t0su	644
1Kyfgx8aBng9QWzsCBvggxRV68kXtUzdM3	644
14e2mQeqt96NcFGMkdJbhY8DMCMKydPcZz	644
1NwvoSFc1C1iK2Qw11wR7raGtLbxMSsqzz	644
18JDZPNW391zFarb8ZQip55AucWLJzLjpU	644
bc1qs7k87l2vd6ls3mn6zwy70pger54se7v3x62u3p	644
1LCNjSNQqah4z5prFWT9GwpSBDX45d5VUM	644
bc1q4274rnvgkc53mmhwk97hm2lz8waq4q5wxxkja9	644
1GrAZoRdVtAohpiDcKDQdm2zGEsFcfJpZW	644
1N7p1fGXUxD6cVPA7ykoSHzPXCc7ZxTyb2	644
1Ee6i7CmqzdAbT2yHYoPAdKoR5W8UiWEMc	644
1GyCCu9ZJtXJ8ouuxfXJWygaZuXD1mtKKq	644
1CLv8hzwBr3XKcAnF57gne6Ze6pxceiVyw	644
1BrkyQ7TjKrJFx9XGe44StF7gEXQ79Kkys	644
1ETu7MigmHZvHAWzmt9z4uwZ3PF2MUMxsV	644
159gYnbr7ssC1jjnPL9Y9Mk2GHMxHGDwxz	644
1LJJydqzkxdUSFReuN4j1U72ZQtWnpdV6T	644
bc1qkmkvrwcql3yjn2wywmprvjm2z67valc4h5ryeu	644
bc1q7tlkqyrsjqv6wxjc894lzt2p4cpg3f5jdpzhjy	644
1MiGqRkq3pHvCaG4rzPH4ZLWgBYTfa9UHG	644
bc1qmu2kfrgtslp44nrv8549g0uyclxcup7s2ddyf5	644
1DsMFJ9TyrE7WAqDHnqTMBWphXLPfY3Rda	644
1G5dkGMrLKvSJkqTEmnvo8XxE7AgyzVpKZ	644
bc1queh0q9jqfj96tm8jae237g394dckhur6cg8xhg	644
bc1qr7qq9yvqf5ja94f9xyz4myra0d8e9y7kpetct6	644
1M3kwdgvzTDf1o4RAjLkJeeozUAgocbffv	644
1HY23C2jo7tw9zN1nyhncd7LrqTRnFs57K	644
18HQFPdZcP9kf1sMNYgCXAMnaB258NgLcr	644
bc1qzd9hzldtwcpc25wawvpn98pgemjexgaem475qd	644
bc1qs5330l3hrs24smejkp0639k97s9r2whfkw646e	644
1HVKdMUfwJGEkBUWshSdWDWLPpRkJWZTLo	644
bc1q46n4adyawjrg2wnd42xjzy5hkqj4rhct7rfm6t	644
1LHLXYJQwGn9ZgVCnBQQZTseiHqDf4yfoA	644
1Ajg8DktAqaRTyJKSYEQV8vJ1dpHp11ZhE	644
bc1qzk9f5aevp2qc95ms3qdsvyh8mte3puw4gxcdfm	644
1LXsETfegqJmZQpoSg2zcVBhaQ2SGPJ7sV	644
bc1qkcvl7a2qgl3n5frwf3ly0f2cpq977sj54hnhy7	644
bc1qeddsnvag0q38nmgymxp2yu8ntg6q6qk62gx6na	644
bc1pmft6jdg0uvhf9t27qnzwc3x4gkjyuwjgljkc0sk3aw6hqadj75wsvph4zg	644
1dtpbRZugW6m8MbPYZsypai8jUnugLLEf	644
1EbpxkWRvGDyD1eqXJNoVmEEf7boZ9xgvm	644
121VzKXKTLK6cvkZZ1iKD3BkJ1HMmbKknx	644
1ixmuaPC5xjaZ3tRBWQmfSMpKJVKRJeK6	644
bc1qqu09dk66l2hv6f9hmxkqtj0rjhd4eded6fgzpa	644
1EwDoHm8s5QDa7cbAHRUYhefWW5NhanUPL	644
1ExXPEfstbKrPjQcYE7AnkBd4Su3nX8w1B	644
161tcYPBoKJrLwy6DQ1CnkYJ89hK3y8jBA	644
3BkWdjJcpiFzZbHPmmQXVnQkE6Vx1RjnkW	644
1GDrYoCDNfHuJkU4TwmRYrDYbvx6sDTWpM	644
1Lpi9EXW8Cxo1ak83gwZrMbpoMBh2VAC57	644
1JjRBFC9YYRoEJdHXHAGT6k6djVgXTY3ZX	644
1LayNwqajEV5QToyqYAUPJCfgj6cnVgYJG	644
1H93BPAiLXaTWoKX5XJXbpZgcbPacYhafK	644
12f7pXQsmmM54RMtybBxNgb3xnPqz3j2HL	644
15PUBdbjLmg1xTCffZ6obxsuG943V9PFsQ	644
1N423Kvm8HYTDYoaAsBqz6PyhCjFFmn91y	644
1BrZ1bKi4bHdwQjTaybiDHujiaW3AQWjLk	644
1GkjM7GiN7FP9r6FVrJDWXfjqAWJiUAJuq	644
15biXubsfsKhEMkYnDZCb9KTt9oR499eVR	644
18Vns2cbTAUAjefgHoDNEtD9qR518JGstq	644
1FwSB7F4MkpMfjYyNbQ9T36Mxa1UDWHmi9	644
1DaUcErm2XomS4JnxVJyGL2ih2fdptWBxg	644
1GphNyxEWf3G8DzEFy24H5U6hLeCmrZsTZ	644
bc1q7um7w0urnhngdy4ljmym85kc4qegx6tsyc70gz	644
bc1qvge2gcpr06xsa708y2udchg4pfwzvx9fue9khl	644
127mEawWRvWfGGwyXz9bGqdaJL8tdvhWCZ	644
bc1qe4450a5pk2jedcqtz9xdfgf4hv0kngjhvayeta	644
bc1qp6u8vk3z8s7g679njenzj75zll5rrvthvs3wf8	644
1Jg9BRof9S6szaWvUFJ1u4GtVT1qjAoHzh	644
1GAwrS3dwdTn4ZTotyfdN16x3aLjun8JuQ	644
bc1qns6djxcy79r9autcs29kr8f5wmshdzf9hh3qrh	644
1J2iMeV8dctpkw4tcfh4vas1K4p1HfrCDc	644
1MJugUbc56hw8PtQ3u5JKJiDbRty4jw2WY	644
1tuafxvrLgzF193CamURPKtxRTNbCLz9z	644
bc1q0mtu6n8q5przkc24dfdztmxg0nfqdml0vu4m70	644
1KWm9rRfZwB3A6cDrNd2MQmbM8ky7YQmSP	644
bc1qv2ewp2xzdndt6thyyau4qht6u3fjcv788qxvf0	644
1CcTxXmrnvebA71e2TogPWD2j3GTUzwKjT	644
bc1q5hf2zme42dm7kql7kp9tgyfv0xx9ct75lagpgg	644
14S4VPFKU6zg2bnGcifB1VopjWtpaTM6Hf	644
bc1q9uhhk4tef5fj97whyd2gc9n8s30kr4xutk67r0	644
1EMtxQjzV8fSCADuUNZcrZ8yvMAhEYxKE6	644
bc1qzkx72gxmkmw3atcdjqjmkasd65r3cxxla6a45h	644
12hcEGnxELAbfzU37f8dt5n2k159DZNN6R	644
136wCHGrEv5dyokfrABCeFsUcZDcSPELw8	644
bc1p6h0vatwl7f34e8muhc4ql0kxlp8gzzv9xymmypaeey0ku5ke3mfsuh503j	644
1DSQDzQURCpGsJM5t92jN9cwZRfK1UnQTU	644
1KgZUdMu779NunhuSKquwjtq1KP45VaHhM	644
19zyCzdMhJk8oUGYJKfjneBWWJgNtL4SGh	644
1CDrhDismNKEV9BhvPnhMnMM87Yk795uTF	644
1BEsCsx7mcCX55naE9fx7UZHqvxAfLoWMP	644
bc1q8xeswl0rv4ck3mql02xjaes503vgp6e5weu0gj	644
1Bc8BMdh1UJMEV1MRR1kqn45Ar1GtvjUG	644
18uwpQdyaHPVxyDL4woSXisQJ8XzrNu7AL	644
bc1qvs2v7g3883705wxuz239hr63jehzwfemlmsgkg	644
16Vy4kWVCQ23acaY9zevHHR8At79WA4F4h	644
16zrJLA7mFf3pnaHroKxwk4XPrg1ayS9ZZ	644
1BsWrMvd9YupnEXDFnzXEjdkYAjYHAcV3V	644
bc1qn3qafj880pyu6wh46d0jxnk43eth9grdygld0p	644
bc1qv8e2nhg7t2q2pss4pxk2jrfqr2rudtrc2mcc2l	644
1MFCJ64fV61PciijpxUACEZ7MT4EXAaHGy	644
1KSDbtcdGr5TsyoPZNagJLYffhgfDf3h7D	644
14KRw5kMz6LnoACWiH5esWNBMYKucNFJpH	644
19pVohpuxzCcdZXrGDwWL7REHdDrvxp7nF	644
18nWJC1zjpeJxZbsaXyHd7Pb72bQWXb9pu	644
bc1qkw7hk2avtndp40t8j3chmhlq4pz8jzpyvvg4cn	644
17Ls4Ze8mi3ov3dqE2e641cAaB92aKjBbX	644
bc1qmkj7rdgwne0ygqn99n66xregg7jzvq7jyyf80q	644
18jJZeCAZLdXxn278vpUgvDQMBRp7dkZR8	644
bc1q2z548mwuz4v3dqrtd5jmrstch64z0gu9cz20lg	644
bc1qgzrz0ugcj0j8yvhz0k0y7hum0vuy2vwst3sn9m	644
14xQhujRj8XY1gWFYJ9kGTEXd5Drhk2LUs	644
1Auw2fznjLRFzwcmbi3Ga5it6uanFngYze	644
1AWWbDdSGjfTGAXT4udXU1xEnm4k3a1XYK	644
bc1qwv8ryucvqhr6et7w3qnnr8vkhr652lscdzwq4a	644
bc1q5qmjskyaw9u7jj3rfshy28mu3z7p8tcwnya70z	644
bc1qg7rnrnlphm7fdnnekue273f5yeht2mk076td29	644
1Bh3uK7bQSHuBobiAT7DN3rXErYDK2EQ8n	644
1Fr7yEaN3URmndvXwDzqLre54dXMB68cM4	644
14S2UK4tsw376QeUNjj5cBLApWfcfo9fND	644
1Js3Ksm2Di8B4Bn2Sh6HxojDDebX1S7cCf	644
1Ev3WM9AJMdWdJoSyeDATPFYD1dwNjv8pt	644
1NLW6wJyTjCo5hB2JvxvbXBujDYPQAUxhW	644
bc1qldrvgh685fjcc9aeyzxlfcdmtgqsgduzvgkjsz	644
15eWDfSKWvxZWHd57EK3qGooMpdUNHgAoG	644
1L6XZ596ZaWhFZoumSvFkXPtHSJXDnCF7n	644
18x7BRwmQv6vsVfRrszDeJsrDx98jL34Kh	644
bc1qz2kqv82czqrneahy6f70ghtf8d0u2k365jdvxv	644
17T6rXPwHmHLRMrRL5g6oCSE8WhpGepeVz	644
1GbbyjEfW9tAfwhQrACeqjmSEtdquwkypQ	644
1MATFLf5STs4EkZw46Uwq6N6pKq7oCeWnH	644
1HyVaw1GBJxdHwhzdR9NKC67UMqrrnVe2x	644
bc1q67wz7e7m9edmjm7e8m0n2vxwgjf7jxk4gvejln	644
1PD7RSv9MphcrB2F8oYym1Jt2n9jzraNNg	644
1GxehynacUNs9FM6tNpm3FKVJxoJYhK8bv	644
1N1JCoNT8cFKnK1pVs3Lhthh6goiCUg3Co	644
19zJxSNLPP34JWv2kNBhQdPNUaEtRmyUCn	644
18gLbdLwdx5SfcEvYzVEeiKa5bXehiw4Lv	644
17Ae1F833tTswoFnsGYVXXLb4RKUWGU38j	644
14k44auVwehRfGBJhr7BCGjdN4yKHE2DHJ	644
1Dj9BXHiifgHzyxogfgK3EYXQoY9pgFqa9	644
14ex87wr2v7eRghQzXjaQUgboDK72st8am	644
bc1q3kagfku2yncu508pe7c324znwc0kcahey6rflw	644
1GSsS1Gt1kzsPkPyjRQdBjFzMQaLc7KPfH	644
bc1q0u69gcvfx927zfh27d5lc8ha77md8dccf6w3dx	644
148DKvQrzz29gzLuHEyi7jAwrk2aTaq3kf	644
1CLnUUYiKjCeJ1EptkjAD43upm54P2WxdK	644
bc1qd4huzxzzulcfj3nrnqme0q6rgpet6lr935v9uc	644
bc1qa8qnwgahcyqnnql6xl7scqd8d0h4vp48mu0g8a	644
1NcQnNVdV9g2hzA5tdK3DTQiC41y64B5Tf	644
1Jz8Cua8WzXCzigZXETDeW12aR7Srq79iB	644
1KfVJnRNSXAgVTeyCavN9aQvrpLtAYAYxp	644
bc1qj25zaste7e5nh2sfj533chew9wha0y2cshmmxf	644
1ARmMD9mvibg4Jd8CmmyCoeyxPXgLJkYZK	644
1NZdSjVL3QACvujoqFhnKfnTAGjX9NzKLq	644
15XstFoWW2U7XDZr3PchChNwZ4mRBrqUAi	644
16txQwVnEbrUPFUCQAyjuZwkYUYFJVmtEv	644
3973MSPWcmv8Wu7iEQSCPxJNhEPh7gfw1b	644
16Uvs9DPevnm2psvq1v1VbsjJ8Wh8cnHLw	644
1233xYzfjyjdACF9SDin4z2KTKAURRZNgD	644
1AiRTg66QJNS4JT8rSJ7issoKv24fnPH9r	644
1GBJxShXwSmAhqyFgroS5WG2zWJ75mGvnh	644
bc1qsj8h4u23u7wcn566mm6698qtcpaxpgdtjuvz2t	644
1PQWw6RPT1awH6oZs2danjBYPHKZTM5CRj	644
bc1q9axf2tl3euanzs43au5r6l09ehwwrjtr82znd9	644
1NBacLtA7iSpMmYZY7JKQweKiHNXbLebTW	644
1U2cMLRmR4SjCVhEkQbDs6WZ2cqjv8pjR	644
bc1qm7tvp5m3xnjhmm0ht0zj2x3e68njexsw83s5sk	644
16gikJFSHiYFYqs3R6QNoDiN9hEGLij54K	644
bc1q6d6t73vha34fekqy9r0q744leehtlq79s83n8v	644
1JTxNMp9qqsPohhkvdLDFWuyKU8W4V6o8c	644
1MFiGcj5io6qRMDo9bfzqbentnGpad4CXw	644
bc1qdtnw77604dtnmfnvguuxah8vzr60yxsnn97rh2	644
1CNA1gu9Kuh5cPuupfqJHP8R5dhy4zwv8Q	644
bc1q9kh82spfmsfvmwr660n0qpajrav9lexc92st7a	644
bc1qluu93yz00j4qvyyvz062m5zn4ygya2d75jszwp	644
1KDUQMg6KaXfoVGjmpELqHQrcLoDgUrB7w	644
1DYXaK6nrWWr9Jtq43q7mUuoeVgcvjxja3	644
1DBNgkazGWvPMyCiBp9fASdrGofoxM1quB	644
1AaayzKW5s8fN1aVjKmWYm78GvaQMKjRD1	644
17hJ4FnbEfAyjKK3SfHG7bqkcACxNhmyiW	644
1KK3a4Kz1YNsigFL47x7hSYFr9qHMB2tET	644
1CAoRxmu5LyStyRno3NdYqtajWScEHaNzU	644
1LSDsPJchgVsKYx5K14fubqQjDKd8bMrhw	644
1DBYaitTmxQuBSntcpnJYXeihK4zbHwA48	644
18PXPwRZ7FNXy5UqoYvgsYZPydt1fiZHMk	644
1JR7jM3CttCtqq9mpi9byMvQCmZZBBUTXe	644
1BPnC6Fg24hYQy6TDTZGkDDwN2kHcYtzxC	644
1E62CyZfEHRKvLkCiAe3jNE89NYR352uzG	644
1Da9wYNgXrtFHe1Hsb9HjUjs51NskabM6q	644
3GhHyTtMgeLD9do88o8gm4dbNyjcvzFZku	644
1jqq25K4ngP6oE7r96tpJqvDK7KbjcYQH	644
1K3QAtkPZXfUmEJX6Apmhh5CsUSEqVsTJo	644
1NFrLNoNZfLW87zAsdMjRqHoBTVwBdjjz	644
1N3AFfuJs5kSRJ1CmuSsU1DnhPuw2FCvWX	644
1DcvfymmfUVrybYtqTUddaAVWhvd9xx736	644
1F7e3tpSshNgyiwPduB2AJyMsBYkgve54m	644
1M7EgJ4VeWDAtxLgNi5XKah33rsfMuTJ3y	644
bc1qjqruhvnhtaqdvj5m9w3g7fm8heg4c4kquy2mht	644
1Bsiz6o6DE1E2xnKDvxb5WabeKEJgfQuBH	644
bc1q7wl4a0d5zpdf7yq8af3n0u8s6n8qk2hw0j8xy5	644
1EgUvqgWmU7cAuk78SjFntkvwgrjYecYGP	644
1PCveECgPtAxxMu3WMGoEkLggUpCkAUbHd	644
1kDDMMXEV3P5FNsWDaLaDcjpXwoJiDVxb	644
19AfWfUDbeMsHs9G61CvTBYBj7bMXpstjH	644
1DAYVDZBJK2J6u1ACTUWZXQbmS3S36qAkw	644
1EMX3cKGP45PhqwwLFrjWVFzSkFzNHB2H4	644
16eNA1H1ATEUXHo6acTs4jqWWg4C6GKi5W	644
bc1q86gy59873eawr44qwa8vz408sa49dd4dsn6ene	644
1KDzjY2xPRJD9a6VRot4ZckJrTzZcVQUNj	644
1CReMnQgfUEZBEhmRKUSz97dRbvCHTABzZ	644
1GxLNiFWN9tUMrS4Jo79Npzbgg53qdWnAD	644
1HanV91ktQiaPW2JobWR7kJNCknWW7hkoX	644
bc1qd82r0um45a2s390qvlm347zxaej9euku88n8mh9atrkfqpcef09qf3q7zr	644
1CYUtE1zMC6ZNtkRpcw1VNSsrmj4CCQiDb	644
bc1q5uqsttk3hkc3hlav4ed9yanx73lesyymt62eh4	644
1NXhoTAndbtafyUriyrnoiatb34RtRcsXe	644
14Wxggu2dSSCWG1AeETw91Ufbdganm2wbW	644
1M32BJuAUvaWczqASXrTXgWAEjzRCPBzT	644
bc1qypqazlhsa5wgs0zwe5m6gtvl8795m9h9ges4fy	644
1GYzWW1yTScT1TZaiAszZAi7D8MEoK1hmk	644
bc1q9e0aak2rv7fednvfeu9um5c0aqhyjtfv6z3g7k	644
bc1qh96fa2a63zfq52jj4a6l6s0g0yn63lmf3g0xll	644
14X8gaaVwsAqtQkwwD4u7298VEjF96U2Lt	644
1BG8sPYHoBLNHMP47n4CJyZXMu1URtKBu2	644
bc1q653v866unjcsl7q4s4k6xsgr48pftd0wq48cm5	644
16bWa7yF4wiTkeorbf7PN6NS2d9MEtMXDx	644
bc1qx8gnnm0ed4f6hl2xv2upuwtuw345pm8sueqf5e	644
1ExmeTQf6UcCvnnYBM4gNtCynpdAoyS2G8	644
32YBoJExG6W1hm7yXVwoE18dcbvyHk4QYz	644
17CyGbgMNV6Ckrh7nTy9nu2Sh1FTA2ueQn	644
18vYN6j6C2dGGD9sB16SUoEGxtTxsEhM1m	644
bc1q4ztrh0ed32755pywzu8aq2macgn0gqxgujfkz6	644
1BbHbMiF5tf2h5cPKQP6vL6HUxNeQJ9VPy	644
14nHSsSY1XpkiCDVxQjcJ9UyoVgkp8y2v3	644
15XBwG4jbZzGHrAk5njtvheYJcpcMvRBeF	644
1HUHH1p4ZPuHcHW87gt28UBPM4bLvbn2tb	644
13oCVqR2pqZScF9HvNpMjndZZTs1SwuHJN	644
1JBHzm6ehQos9bhDLUoWoBGfubXx5j5GAi	644
1HidCzgAV4sgd9rGCXEp5BWGmgjMogzBco	644
36twfYHUVpRQ4rDzzv4rRdP4m4GJx1wXJ8	644
33YyvwuoLU8eqDF4bC7NFeqDzrD13QY4jn	644
35j2fSSCoUtCZRXuRf7J2PFVNydoeyxgTe	644
12dJosDwQYq73YYST7Jd1Yo1KgQrpAVMi3	644
bc1qhry5943uvtr5sv0ra60nfgfsrk5m4tyr3y3dps	644
bc1qkkzdtkfp6jd0t05nlawm6ceg673gy9ccgelqy6	644
bc1q28kejhq6xhn9gya9hmm5mzty2w0lcx93vamspe	644
18ToMD7sG4sj9PbnUu3bV1eznayX5jxGNH	644
bc1qfktznr5mggjnh53zhlpm2vnn42z7p3rcyy8nec	644
1PpPjG1H4e5B8X6iSyTBdfW7rM1CkHL4xH	644
17xeD8TnYmRPjCBR8EooEaNfoGMgoCL27w	644
1Ndv3wDTBmF1Jspj7bDxQ9LpXruMZjDcm8	644
1CNfBpob9fMBoszJsB7t8pgH9ZNhGbdGKW	644
12TNkfyFuVAbxzArGmokEn62FcpK4pPRbp	644
16fLBrxj5wG4mdVFSezraDmJ14jHxcL3qN	644
bc1qk0dschxcc89rj8g2zdcgz0dajchr9fplf2uzs3	644
12SzVan5KMjv54UEpk8Vorj68QjVRWMuyG	644
1L44i7svJLefmSbdKcwc8gY85RXTBdVRyd	644
14rqummhV3JcuP6666eT4Dtgrg3jpq4kx3	644
18HVLi2DGdbQ2KZnqP2XmGQh61yvhhMYnC	644
1NZweaMfLX4ZoZYAN4QoAyjuR39bEchddD	644
bc1qsmm8376gmk67fn2cnwdegu7hpcwaavsuf974rp	644
17orxx8XbByAnVDLwR2vv8sLR4U9GFwNKJ	644
1KTF2yhwpaR98ZuyFtAbiiVzGrKFFNhy7K	644
1ENVViNgND8JbZrfxQZvpNJWMvX65foh2x	644
bc1qmtvjel0f3xks7klghse07rukn8h45a0k2t6580	644
1EwgS29XGVPeecJcU3HC66xnchoc1GcYpP	644
16XVxzUP4i6y99nP5sezuYYV81QgNiyTiQ	644
1BjE1UNfKUtDg3Qr1FMWYML8PjijCXvzh4	644
1DvBcyFY1sMHTuimc7V9yDsfhnBZ71L8pv	644
1P9HyrHewQDjBb7seU1BAXPMKYBohPjyk7	644
bc1qzgnlmhqdjy4k52v85chy8d3acx6wvg2furw5f0	644
1ECRv3VzU5XMmDzEjTgxZGFG1taYnQR5vQ	644
1P836FWdxzxbuTcBq64tqExGXzt2RHuBAS	644
17mskR7qiRQ8DMfK4Sejyn8vz78Pez3cjg	644
bc1qccxlvvdgg4hezvavj6yrejtdt4rswt9zvgnw5g	644
bc1q4y0g7vyax56lt0fgn60p4jqwpqy8sj6d5a3v5z	644
14ynWG6hC69FgAGot3XM2bVCcKenQZmzen	644
14wdSZuyUupGtN9V4ncckfYnH8Eoi7k6Pn	644
1Ek5HUjwGjCi1nTDtJ4Jv731XgRxuG3uWz	644
bc1qpq338suz8tqqauksgk9k0m0cfe3v23kscdh2cz	644
bc1qltzcldx7m3a798y0qs5ry92e6858umdaa2qud8	644
bc1q9kf6juq6x370z5x66rwlfpd62dsfcvjdx6v9pd	644
12HFDJLnwDA3RuyCQYY5XpEiBUmt4aJKi1	644
15kACCv2C5BqbTgJsvLv92i7Pt1CY7WB8z	644
1Rv4EyZsvc2zGPzSuJx2EwmFPrPq7rwxM	644
1PMnJCxFysCe9RCuk4pbmWNpdM7KGddwk4	644
bc1qkjlj9p5v3qa67jwkvj66gh7qzt5m3hazz9fakq	644
16d69RNuMsDzdG2MaQ7tTPvs1FBFUFVgG9	644
bc1qsz4mawwecgp202zdj5dez7zy8n0va44etmyzhu	644
1AAmKV3Vc69gxeDq6porQspoV7wZuhjb1y	644
1DF2cgijnDX3sM4rX9t9bMEGrKD7Vmiife	644
3A4zdmZ6rRnyDsXp7KTABBa24UPXLJ76VQ	644
1MHz3u8CPHffsiCvGNNCicdvtzHsUdwb94	644
bc1qym5z8sn6z7kl2uxkzmd2llxh9n4j8gepwg06ul	644
1GvxMvMQRt3UQzGK4LWqkNmkMBpXde94dN	644
1MVwcNkeBYJe5TYweaEQ1kTuaMfBgTJ5dP	644
bc1qa5aydudg0rnfknz0wtvlgxnva3ghml7dmsm570	644
1CnYY6o3q2LegBnUTgxrSZRCAJCorMmL8t	644
1Gte8WwJZE8zbdMYUpDzeRNmoBEdxRPB1B	644
bc1qwwxf9rg3ag8crhj3h0qhav5dlyywrhprmu54de	644
bc1qfekym3s9wasxqdgcayccadnsj4rk28esfsvrnz	644
1P8TbDUTZoXSAmmKZYXJ8XjWHaet35Pg4h	644
1rnz11mCLPk95hcYzEkuKuw8UwWi9NQUh	644
14aFF5kJKVjGmQ2W5jqgWALFt3nkcNffgo	644
1P5QXKVU61nwH41duuZ7q4KXkV3LRZzYMT	644
1HhpwzvtCTW2f2ExHA58cPDBJqzmuq1uiw	644
bc1q692wmpq3vqc45nhdqeh0yzsuyjykmn734pmprc	644
bc1qvpq94xan9k256l7ml26e922sk3jawcll78lrwp	644
16oDwNHMczJCRQHoZGZjbLFVJ3zcWkSJgs	644
bc1qsp57zg79ka9t43sday38rwus27f9yj0t7j5w5e	644
bc1qnqurvp5n6whew5fm0hag3s7u6aappnfs7yamjt	644
bc1qw5lyk626a02gpsl5d6984v2533ndfkkv2k34ru	644
3AreMe1sJ8YLpNfK3yoLNaadcy3PMLKRx3	644
16kmzFSvZ8C1gEav7pZBU9fKUVG956X4m2	644
bc1qhlcuykldfn0cweymf7nczsvhzntryzanx4fpuv	644
1NFCfbEZ3gpjTUuQJ1hxHTJyBfJtCrMfxw	644
bc1qhppg3snzz5h5ve0vsvwkqjd6x7nc8rgyrz85xd	644
1QF3s8QhLamBkh2TGfFeqhMympGEMw66nL	644
bc1qpkl3tsacqx0cqgqtq6vvf2tp5rmc0x8vy4prjw	644
bc1q5s07krl0vdwg4hg0u6rtl5rmrsamenmn5s69ex	644
17snZocTtkvKmfMm1p9N5X4smyRGuAN9NN	644
bc1qt0w42u8yxur9ujv3e5kg4tp00nd0lkvgputa3f	644
19QpNp3tj5My51Y4yRQgS4mbfHLgzyguDm	644
1M3zdemTEUANCn2zSuZGqwrcxJfBjvjbUV	644
3P1oYYpRiJTBMDFfGYLGqxvvuPseKGzPEW	644
16cFti6EtNyHMgvRFxaMYH7FEPsigFHfPX	644
1Ah9SyHerrQAHiLey9n5SRSnC4vWrxA5M8	644
bc1qpmvx52u9ju07lz22ky86704sssd509j7s3pgzz	644
1zAwMMR5cYCEpUNDYrusUK5M1YX1TxuXo	644
1aiM4P1gThZiVZAYkN8vXcV47wLDtRF8K	644
1DKbWAgrkLoxJaMWknt1L97YvwFh2Bg8sU	644
1QDXzes1VWymkXrBKfY7pszgPKfU99mcaC	644
13eSahrGUw8vYau6NZCNgnR6sbrdhQAGh9	644
17Cw4wey3cNnURNwphwPqmWTFhbrs4LiqW	644
bc1q8chyhecgadk243r2gl8epf3stm6sj6c4kkmk92	644
1BAm33u9WzuMEPeivVVxFYZRa7odSeK3XJ	644
136F3Qs51owkCJQd69wuc3bnBDoEXCsW2s	644
bc1qxkaarc26w6xkmj3jtfus47qc2h9hxj72vty4k4	644
3Kh3yBeLUxVYqwCJ7UNxzeZ23J8XJrFDHV	644
1NW9iyizJWuqyKVuctaHTfxyY9B1w2i75E	644
1G8gPGVDyaPCSgG9BfjD3kjaYFg3n6sY9P	644
3C7Xa3zwsFAFaqGP2kb79UdvLuXz1evq9P	644
1JbnKXuPMwVTbiGtAqCbrcCezeSG43NEQR	644
14jnqqo2VDcsAYJj1jBXG39rBAoTTMHDRd	644
1uXJTdxaJF9HH2Lp4GVAbr65axygen9BL	644
1ENzggWjkFmwvfdgQhW6Uhkuc2ByLLnKu7	644
18tu6sbCthnmMA6WamESNCnstviBSnXHGF	644
1BH5azfY9CxEG6CZiiaCTd3mNZiC1R6oJb	644
187CLwRX1ZfYCbmbj62WVT9m92CcGFddf2	644
3HsRPJDA6rAzZ1gGP2yU5w7W8Bkh1UjsmU	644
bc1ql6y0zszd9dcjdmeavfh4xkhetkk4q8dvmt7grr	644
bc1qjy45jnzuny59j2fmsfzfs62zfpp0jy0nxwmfhk	644
bc1qpy5eacvj9y0xacszfru6hphcn4hwm6lylkzjx5	644
bc1qd4tjfslg5lz06q4kzpwkzf2kdeggmsgpucm967	644
18otfwxd2qXXBG36hQhk8gxAeTNkTQVsNR	644
1MQPD9ZpbBcX1jNEpQ5sd6i7vhwbPLVKUQ	644
12ddB7tiWRNTn2J8Xo2cDTvfb4FyprdCXk	644
bc1qfd0872g6ps2md4elgvnkayxyzw0rm85zqlrwvk	644
12MrTfFYXsZTeen1a5vsJWk9mWypzG4n3z	644
bc1qc8pdwn4p7az7f7gjxscm57achm2dwhmnrxvfxq	644
13tr4ABo8qX1somBnCpoDgDtWHtXpXD65N	644
bc1q70wzetmvu5n8swh4pycgzh29cnu2ud8zgml6c6	644
1g5imcrXUBe5feJqZzQ8TouEUzTjz7UpX	644
12QPyuuJFxVcHgbcYZ2D9DfC4Tw3yVjhfU	644
15FcfsV1j5TQYCMGkjbBkbaA54q6kEuh72	644
1AMp58kUke5WdHaLfCtn1RHFgUsbtqPR3B	644
1BTcQEfqDReyzurdwVdZePEjrBRkNGcneJ	644
bc1q5yk6fuj5n20ejqvedzx5dg08zmscpl0q69v2gq	644
1D55mNb3T9fauWTtxhfdV45ERHUykjWJEG	644
bc1q3ukvka8gzkwcha2phtcnu6qdqlsdhjpd43qgtv	644
1BfgYAw5WNksVv9RAVHC2fWBenRk5qdw3b	644
1FNDAAVMD6R668pCzBefR3WQxcgv5LWGk	644
bc1qv7qpheujq58rgtfar2cglj687v3tsqvefpqnpn	644
1Ni6RjNLsYfAfZcQKboF8yWg5FWqVzAjrr	644
1CM4Cr9ExBw2ngR2gApza3xcRUozoSLfp4	644
1LNqeScX4P7s19CZe73K3jHLomDF8CnNMf	644
17K3gJeksLrznJNb1qxgXkGD1BM4RV1Q21	644
1F47HjjNwDwMHSVUNSvAYTx4zEjm3PkwEP	644
13MerPnC8cf5J39urVMWzANJqA1Dpg2B4j	644
bc1qpr7waldx7ne5jcdc5hpe3myka5g2fey2wx2v2g	644
187bx6b7RpNjYZNdLh2rphDz2myUPb69Zx	644
1FeMcmTX3meYgnw1w7AXNcFAgTZcSjhLWv	644
1FR3gMK6T2cYBzJENEi3mNXUJfCeqGNbV	644
1JkDrjGPatzfWfFwXPXcig5o1U5naVAwx8	644
bc1q5lydzztlghzhtm7tlhxnr476y26nynnha0dcmq	644
1Awyz4abCZyt2ka8TTaih11XY6hDKiHTNF	644
18igy7N9jzkEJ36qdkZjhRZLbPwXxBVA9o	644
1HbYyBoN2knPZ5oL8Jq1S6ebvFVdKN456B	644
18R8DfwGPunzGBBTzr9GCRCL3LcnxTyba3	644
19GCJcArhwQewbXh5MgRNUhGn5q3wB8hgM	644
bc1qkrpq6lsva8u0m2crj5fg6kz7wcufppzf0ndj04	644
1NM4SoZpyYxavzXqmTngubBnVRA4VHrvQX	644
1P9RHMGej7tBSPs678z8TVYaDe6oRVmfEb	644
32hip2ajEkWhwxs615fPep6Q6SsQYJDwRx	644
13Pj6SgUNXMKNXCrh6VwFF4cvQPc3HJiZP	644
13sDNCG5vgA2DwjRiAuWTto86yNyfmh11o	644
bc1qhdw54xzstrydq9gkmjza2989rjmtmh9ctwrtpn	644
bc1qneu0z5hnt6c7zf9c7nx37exzmusn7m9524j6fu	644
1twnE39afHRctU1dd2hbFqXzaHPvphA44	644
1FNTwHJie6GsVYjvpNit1n7CrBod7NFQi6	644
1E9pE1tUNgKqAXMK1QhxiDRLvg2g1cu5t4	644
17bsoAKK3BANWrj7ov3yQTt3ViqNCv7Lg1	644
1GGtM6FZ4yBGzkNPv8VkPAFtPi7aARmY2E	644
1M5v287sV44Q2Cs7ERasDioVoiwiVDhrEE	644
1298mZWVAVLmbUb83xym5vDTUfTwwsA1TP	644
19a6zAT19RqF3okGoaFMofooeiberKJQbw	644
1JCEvH8zBC8EPbngKfS852fYuYpFfCTUZw	644
1PdK6YMdbosaenMc4pDKvbmdEacf4aiFpz	644
bc1qfkuhe2xyxn5x0naxwrm9l09hrtzzkj48tev3tz	644
bc1qv0t49qtkr4tc0t962a0dczhs8s9xku2qs899wf	644
bc1q8hv9eh6cag6623kx5xym7kkf370ay8kq43wj6n	644
bc1qcgejnrxml4y0l0h0zpzpzcempr9kmcmsf8hqw0	644
bc1q9q240ga5fls7fdkw9q464dwur7r3k6pjanjard	644
1PUxnqPiENMP8C6oqD7ed3PitXv7Q1DbJt	644
bc1qj3cmg4njh4lvfegpt7ga2y9e7ww50na3hfym3c	644
1AvqG2QMzmgskvdC4rSA8n8PPjeVPgAfUS	644
1Fn3EiM1Y55G6vUZHQZUVbMiA3cBbH2RYi	644
16ZVEUjNTY6bxC2VsNYJPpGnktXGh7FSjR	644
1KNjnaRB4i4SeY7Qczv39xYP4hZsXG75vK	644
1E9UgTpgtyM61QL4xrLbXhwL2WEgseWCu5	644
1Ew3jZMHYHvofpVVi1xz9msygNa2dX1KaR	644
1N4GQptXxB8bvmaMKSSKQFe2Xcpgz47jiH	644
18ML1sdNqkooFZuFTuN3TTUJUR7L4mp8EY	644
bc1qerk3qlt08dqwalhw0zyrnvvftsxpce4vxpnctf	644
1PiPZDPGwtzpa91XdMdcDZ3z1xzh1227id	644
1FfKRgP8f9MwAQY2PR9FMkfejyi3YYLzrS	644
128hcgpy1Qgr1XKQSFPzbrykZQZkHpEvwJ	644
36uEN2XSdeThCnjrurFz6C51ZN5skoLDUx	644
bc1qghtdaqdm6vzmcqm6hah06vgynmyxcy2c0j00u0	644
bc1qfp6hxq3457uvcjpwg6lzf5msxfcwy85h894ycc	644
17K9yTsRsKZAqykTDArhaw8XetPDFxa2BT	644
1KE2bJ1LpcCbfaQS5Gbo5i9ntj1FiofvWL	644
bc1q2pkth82047m02r8u0wgg3jmz66f3pfe9f6q4xh	644
1BKR8Mwt63yHaeTQ6gXzKKHCCUSyag662B	644
1P2TayM6aynyww3tAEEyxu1LvuDfLuDnyu	644
bc1qgmycnehrtja2rx82lv5uphxj44ypddeajnh0l9	644
18RvHzDdfdfVcKBVLs66BDeYXzhMVBPSYM	644
1K33P1ZNQQ4gHhxxig4FVrRnzfnNmDv7wB	644
19xUwaaFEz8PWGQ32cE8KBSJS7NhMjX4Et	644
1K321oeW8RR2aa3BteRYQAYPoZp47UPKvA	644
1Gnddb3M8At6jL1JR8mHnEaZA32jRAZNj	644
1EiSEips6iYqphytkWR4J7MyjuLSPw9MnN	644
1KNx5meU35peKnGu3r1jb2nok6sntnd6jv	644
1J2XWkikPcGyiChV1T9bScuxE1hMeJJ2Lb	644
1MqQZJ6wyugS588SSX6rfzjc7Xp3YS6wzH	644
15XpfPXSpAWyDRxcQytkuTeKzUyeVNuMDD	644
1PMT1UzRFdQL6bsEB7JjVVRmU2ci8HHgC9	644
1J4rnDmDg8d7BXrKUMyPYo4kazto74MsAs	644
bc1q64ghr7atls7fkxq04pa8dpd2q0gzswgrekndus	644
33n1fs1sKyxq5czK9WBkSsxAwAFh7tY1tN	644
1sesSGjLi41AXHaf5tLPM9JZ62JkMf5p3	644
1LZNtnUYwT2HTN3NxmAVH5AkMDnYf28B51	644
12oJ1vqivCpQUiUFgE6eW9yd5WgTxE1p9c	644
14UnLkhj1bCzwWrZ2msvSEirPX8sbjXdpV	644
19r9xPReb3vnVZ1cCwT7Ak2ZKqq9F9yrMk	644
1Eo4HHDt93d49eXTgiqPYLdK5ZbGz8QG27	644
3GWUqkKvRtQuvuujF8J84nytGLAQYm32Gk	644
1GUE5G6ry5iR5Rq4ZtyQnkSuJ4QV7jKWdc	644
1CkbDZneB1xxhpH54UFX2HQuQRMXwTFHLE	644
1PumHN6PZUZy2bSH9T7qkwyxT9SMUtiBwq	644
bc1qkvyupa3d2vk0mq6457dyss2nz8k7znsg2e6kmj	644
15MRXJ1srBRYcj775P2BjUtSLjJvKV92VX	644
13m7YPy3WiDUwBUyjaSeVPYPs18aouKKtx	644
14ViBDKpFvwDTtAHAB6ZioDsu2jvqULqX9	644
1NQJmqUq9rhumtVgqrSjugEAMuhoqG6kkc	644
1HiSQjz1P5Nbeh27zuBcTyiqsDwc3Lfoyx	644
13oKDupjApacAD3SGpLPSkqVRKTDd15Gn7	644
1787NhkKL1A3duhqAH39FQszAtRxex2P2b	644
1EoDT5souHZXHUk2NMgRAm7shbD7RgdeGv	644
bc1qkcmqhr24yne59pmyuudxfmu8rrky734k5vszch	644
123dFsPPRfMJDAknzjfVhMCm6gL6nRzfHd	644
bc1q00catlymsf923fmuatfzq7dlzpjttmyl5mncql	644
1QF9ooLNbDJgeAPk2h57vyDdWVB8ywcFYb	644
1MqJ475Mx7rtPxBMUkug6R3zgsCbhixibN	644
1LrgU27vn3wyB1DsvabBXzvd3ye2rDvxDe	644
1Q35r7AMATXEiqtRYnHKdHsMsfX8CJQFg4	644
1Ctuo5JTLi2wBGzPsNsx5i82ZgZj1eKt2z	644
1JiESH23177yhikSaaSpZiYdDBb27z4oW8	644
1KvpnTPxkz64XDdk8XgceEdG7zRi16BCZN	644
1P525BpJuW2hDFBFF2X959VdY2H6CVH1Vv	644
1EKUqQPEfpsKhipSU45hiq1fpQa9qjV13x	644
1HDX8LrRo385WDdERQgeDw8dCvNsC6fW65	644
bc1q768p3ujmf48aysyv0ekgcwkt9vyrkhuyfuvsf4	644
3FRMMob8UdLiCia9yWUKdj4sNnaS8iEPj6	644
bc1qs7ge5gqkexg2jzes7as9e42tpxhjgsxslwh550	644
1PpYgtbWciGfhcS85M1wd72PrpeoSkVqPF	644
bc1qq8x70df83k9znwpkw6xupsjzq36tasf83vf9pk	644
bc1qp3l809cdusdq8d5h656t6fzsa0thf47wy4rvxq	644
bc1qg8xsgh59vcfxycq8a7vvgyx8emxtxryj05l582	644
1HDdHskHqLeH4kGx1vZgcaxNTbLfgDSU7A	644
bc1qugq97nf304sex3z60yhl4aa5hdv4d4u8qs32w4	644
1FqviZnm978n12bwgNrZ3F8pPgPNH7XXmB	644
1437E2ppgSKza6vKeNgpHqhdxVkAJwrkW6	644
1MfoV8DErbKWXSWoyKDHw81ca2uqPS9cCM	644
bc1qlmzsqduhfl80j69n2mafe3z9mrlpla73azj6nr	644
13jHhySXDxmod4MXfaVbf7WLfPAvA3TWBZ	644
1FkFdtBWCa4mKnKNjXWqoy6vCrQhBLhWvE	644
1LmxB7ojgdYV7wDEwfP1uFhGbJqDf52zEJ	644
1BZaLcEsYr9uLk8gvNnC2enuXwkByWCeRf	644
bc1qt73602mqqu3z7ft50kxkugd55f2vyzu63g7cdv	644
18TDjTEBtr6mQ92qegV7vjUArtpM1A9YBm	644
1KWvxjuf6XafcyZtJEpjEnSLUkG8mUAWoo	644
1CxFd9XvA19TmUAKBKesBBatakLV5PStZz	644
12LoKmuRFTVqdiqthe8FUogaZnhDjSgsR2	644
18UH4hknRDnfu4nNsTw5hJgBJzLcJdsm1T	644
16NmGVmse7PnjMrUHKhsznyVfox44hrFym	644
1Q2BVrT8ZuWDTCJhKzVzMTNsg6qpnn94FY	644
bc1qzc503pytpmgpwfnrrxeua97vrn7mh9k6c9rpgv	644
13FTmtYUh2SDhJRdvyoWkkXw7up2sCJH8N	644
1Aew1TaXbc6yvG6MNH6rm7nrJmw8vB42KH	644
bc1qketghx8r0kylwwq73a460scy7nej2cqefl4hmx	644
15XrDoVPFcxxZwN3Rn6m5SwR22wBqLz6um	644
12UF1aMDus6pxRrxHPRumNi4SyH6Ac7Xsa	644
17SybZW6Ey9ygQXe7TYmwds4TQ1e1FS3a2	644
bc1q2cdharsmj3eja786dj2c6cqlvgc944wd5hr7wm	644
1ELxpa9JiKQQPrsVsmB7ziaoBLke4Wtv4T	644
bc1qsmspl5ypug5z93ycus6cka8etz6as7wej2cdpl	644
1P2pgYWzjohAmED9Lo22mriYBQnycT6MKC	644
1HHbrbpUYFjfEyZ9XjooDq3PKs8wa6zPGh	644
1wT7kH4SG8pBeJNAmNo5C1ci2A36YYFhC	644
bc1qaf7032m3jzlcm4dpajxzrjfhwmpzev5caf0fza	644
1JKpf29MVZXM6r8DwyZWWm9H3ZoN6XijpA	644
1QJwKPpFDr8TwD6B7Yg7TtJtaE54WTSvdw	644
16NrZBuxfkjFrCJPMNWZXny5YSGuye4RN	644
bc1quxnc5nx62d2d30cnhvpet9x5h5le756xaxtlkh	644
16goan8N2AnMPtXXL962Bc9cFmVN5aFsiT	644
1Ap452a1MEBb7CRXz3rMS4k61KrEcF1rP3	644
bc1q8yhp8693c8gpxgz8dfq08jgy70s0v469ng40j2	644
1MqE2xeCPM9835xNnG2Sdior3xnmHrSrLA	644
1kLjCodMUxykqBhhnsLWJAns9HpCGpA4m	644
18RDSsmtFWgsrBpZYZejU8yjefDZe8pEiz	644
3B6UyRNagcbEVYeXVvbPAzhm5pgCxyL4tb	644
1M95disppYTgNPL9MVvNmCcyNVswc9X3qh	644
13rKj36UGoaNbBoWuAdWuizy7BRPC7ajNo	644
1xa633k5qB5LttWGvAp78TdhB5QqopdGe	644
bc1qpenxzm8h4xleldtr5u3vaksgt467rpm7yrjskw	644
19TWMeXLe4aftWAw8s3gkCfAtp7GWhWPEZ	644
15DaBuY7WR1ZVcE4Q53jBkkVYGVBE6N8yo	644
1DS7x21rpt7hq5XEtUbzVLRMt2vapyiX3Z	644
1PcFddttH89VGv9TzGRYicFSZdqxTTEfnQ	644
1DPs2D7UCEtvyrGwY1Z35aeU4ezRFcf4s1	644
bc1qx77vzq39rmz4zgs8mgapnh9fpmc88ktdkcugmf	644
1QJ8z5xYmce4xk6o5TpUjEZ9R2Fzu8MpCF	644
1DhzNVgGXfjioS9Uh76ekBkUc4ZGNMcZRs	644
1DwnB8WhEvjsgxgze5yDnF7z5gd3YtCQ8L	644
1E1c5C5bRmhKBstDwQ2CZtPyDR4WnLDBSQ	644
3Lk5ATz9J5v7oBLD3xxdF2mL6jh7tBvs1C	644
17NXnCHHEVF7pad6sot6hs5xSE7zvE4vuj	644
16pVRwQNCiZz9tB6kEuthRMdTpQzqbHgnE	644
1CT5eHtzmVzcVzzDknyk3hHqq5c86KZPDn	644
bc1qt33fsdpsetqws88l6tk3pdpxms3dst4hvee7wy	644
12trRYu3hrFANfsZwA3CSiNeF138JK8fSQ	644
bc1qttndcgz3ng4ese77qqd93txfhjxcfdt4z9l0ye	644
157PEmiqJi8ZzJnCSVKiCK7UB8iZHS5QTq	644
1Hj6xQdzo6Xfv6VDYzb3kEETbmLqAKVmVk	644
1DcPZyoeskKexuzPDczLCs84DWX6Dgkwp7	644
15QprxZZkQK4oqgiYHCnwUujTdBpAA5PsW	644
bc1q329kegj9uey8nqf6zcp2fzjd4sv7fawjxv3cq8	644
17dvwzMD5JiuDAbBzLme4He1BJ25Z6SPmU	644
bc1q2rrf6jwwqq9dgqw0z09geegv3a2xn93a8spgvh	644
16bcF5jnyg7hMn4quBKCvKNy4jXfFrWSVp	644
bc1q5zwqy9ze6c7y7fyp6zm6ffkxczcazwh4t7n3sg	644
15iehNAM2HqNnRx2xZkdPEFEphyrTjhvsb	644
1QF84fEm9wwGB9cTTZuoYbJCSvynBsmmD8	644
138cxa5aNMsoopVLbsbGQ77suUdvxJoHQ3	644
bc1q8wu3t980wkrjrww2vsf2pserq5xlhhccz2032d	644
bc1qyq2ze0kxygy20fsmajrljn73yjwdjmsl8mj806	644
3Ed35PM6ZCwy5TE23Lu3GatDxq7eoNA1vg	644
18xSSQHoCHFm4f8AaocTAgmyoQCnaHAyyY	644
bc1qj0325y0tmg84jrpaf33rn5h0t8p09mch3us3u9	644
1DrNrs1gB5soRWGKDNecFpYLRQe5cLwxNZ	644
1FqXxEwkZPJryCsTeqJn3eoBLTNixA32c3	644
1Mx37Lq75MGnJ2YPbLpNPX4qfQiWXWDJVt	644
13uGD2qCtb3WHs6gha7cPTfSimhXhPTY8A	644
1EXhJkqMva8qqUWgZf8ZpqHzdxS6NfbTay	644
13Zk1kiHoZH5e8kRDr8ayhQX3LXhzWaA3F	644
1LKUS7pw9quTYofouynq7XQHhhcLPSpC5u	644
1EBCGQ8pP1nmqcxLsB8MQksFGgY3mmcHSy	644
16um25NN6ZPkRHvCoHxEDFcNSY92UzPCvh	644
1DJEzvmLUbVsXHosvLhs1Umb1q842ENSUS	644
13rPXMjfKgbeLnTyyCMBGS3vPyJnAQFDdB	644
1LHpREnAFPpwUhEFH7rFsGwmL9YBpKD2Zc	644
1HvAaEXE2BRRkeAATTrddFu1Ceo29r6Rrj	644
bc1qe47ctlr2ttxq8y3c7e3jum839p60sm0w50mde9	644
bc1qkp3w0uy5hcqlth2msfl9phpcr450yyuyxsu5r9	644
bc1qaz83j4jqe97tgnjphppnvmd26srxeugfvhe3yx	644
bc1qyqzgceqpaaw04v08epn67ys8wa253qyy2jngw3	644
1G4Rt8No7M447HJM21mWKyw4MPqYzgPtjC	644
1Mg96NNjx4Q8bargPSR7ieCVK9VtuRWPLw	644
14xzbdVCgan1ktJc2TGv6MLVeNqdXs7awt	644
14Vpwq8VVj91uFHm3ZEsy49gny9UyASGfq	644
1DujuLxavi2PiaU9riEJHoT8PZon5DiYfT	644
1AxetYcyvaMxm1dX5pyqT15bUjsQe7PiCg	644
1McTA14F8eA8At5eemLcpeFzQJKoPYaBQp	644
bc1qj2yjal032mdnvmvaz7yw3nxyg3yt9r4ujap0hk	644
1H9poi8cuPPsht8XLAEDgRd4KN9evvHyyc	644
1BXAgsRMymFqDLWWUMYPsXrTR2eEaxnwwj	644
32AQQLWHCyZ9Cs66gFqkp4k1Faos7JrXYh	644
12Ld5iskNNXommXZSK2GgBpB9bL8HuZXeJ	644
13Jd93bagHEUfK61yAozPKzqGfj7DRC7kL	644
1Kh5R8xArEBh8qFkcxRJW7bRUb2JpN69mv	644
1KFmmmhVacJJXHL2F4rvwqq7Ltr7r7rvsJ	644
12SZNxk6dwfNsUMRs6e8cggVQLfzTeFoc8	644
1PMUUvkginuH45MLcH9fcaYNrAoeh4yxYt	644
1B9C2VZHDQkEZfMwmNN2iVzc5diuFWnzBh	644
3E468hvFEuMgVznfthcHo4BYktYKacrZ6Y	644
1Fs3jV93vQqv6iJS3wqF1827wE93pzZL17	644
1F3EhgkAptguoABfGCXpZt9ZuN9QZNewDY	644
bc1q3cu9yy5g45hgc3u3zdj78ermcydn20ntwsh9gy	644
16WjEcZ18i2ZeZ8MbKni1bVUkfKgsizrwq	644
1QH1sfvAQ4rS4gZ9VgDEvRvFP1k4ewTgBr	644
1FSuBpgF3QxFkwi7M4fWRtDhqxt5TsVw68	644
1Dtckmo5JFwQqwrALhKJzha76G84XKwLxr	644
1BupT4kQrDJ3QvYUw6XiMXynU9fEZ2vpRN	644
bc1qlatwtum0n6urwtqs60pcx39ga6qkam8ss0gcrs	644
1BdYk6pToTVwHu3PKZQ3LtKaodiZFm3fAB	644
1BfFxPU9PV2RzUHN7BeQCUhGp4f5E9Seao	644
15Ca2cvkWAMnqqy5kSDzbpo4REUvXAvaog	644
bc1qraqd52ttwns52c75ava42lhwa58tpge0hqlrqc	644
bc1qklt4xszhq33mcjjwa8v7hq5sz4aamdvueqje7d	644
12NV6D1uwZdEiDaqE24aHGoPYmXPmpyvGA	644
1B6VooMjyRKeR1WwN74H7wKahr2Gt15oGt	644
bc1qxvyrd4qr282u7zvqqeekmyxhv97n82g4nq58d7	644
16dvJeznpYnyFBDK2JyPsaT6Y16zRiXNrK	644
1D8PRrGJJ68CjepmBBDM4hKm1jQkBDXnvM	644
bc1qqhv3st3n060unw5cpgyaljtzq4mxu58wy43n4m	644
1EGJKr2kXKCVT1tKQYEZep9rexiNMZxMGs	644
bc1q0lqu9evr84ajpucntcm76qx7umg2qtht65hnyu	644
12pshiob4QT899SL2CgwJCXVvWEvi5y7tM	644
1JqTiuqNLwx6VnQBEeurxHpoZyviqYgpYi	644
1MSfzfyP5qPeRDhUAiqHH585d5nqHycQoa	644
15PHaBqkn293xDoq2MQHyTDhtfDD3JtWXM	644
bc1qgw5k7xvpd87r5wfs028hd75l42qshlxeljzpv4	644
1FUxefycwn2QT3iiJcMjQNaSpCmhVow9Yf	644
19MpEifEzB8HwDXXdVVb7vbn4tQ37XwRLo	644
18ShKoPqHmHEB7kbL8t5ykeFy6LJ2Zpb3P	644
1Mni8B1aMqQXiY9Ly9yexNRNhDpbqQzWf9	644
bc1qqvmxuepm0lwshx20p7w90m4zvym4e9fr7ns0tl	644
bc1q4mx5939k8njm32kaeft60udvqvu5ltl6w799gz	644
12GYj81hz4o7L9SXUfExuHsT1BZjvxkV8q	644
1GoWNYM4Zo3zL1atXqADwEFCPQKUg9yX8p	644
1LNHvGUNDuBJejvFuQQFHdVscu2VxE9W65	644
1Apfk25ijm8Mrw7QmmcYxMUhLfxnRQ6sJn	644
1ADyJ19PstLzV5zg37zshwsWhAJ8ZdaG6d	644
1KrSZNe9muvSQQCaXHiKmFgaEj7dAbz3wc	644
1EBnoynT4KnK37fEmcV8zjahzLw6t9a9kM	644
bc1qeumgsauhcxu0gasfwtccdecwlcl9flcuyj6n75	644
1NNZjXo16qtrNAkJMKM8EP8oksquDk76Ln	644
3Qyru9nuirW2VZFFtiAgDYseEgF1REo36Z	644
17b5tTvgQZG9vroHsXNL4ae6aiYgsepNBp	644
18TpY2MZDmDhfQNaHy3wRvSXBXgtrpz1tX	644
bc1q7rd7wag93fmva4u2rayjuknnx25x3vc5cuj06f	644
1Q7c366Sci39WFRWNkXV6ghvcg9dcYwbdu	644
bc1qunwsuxty55vt502d0wf9pcrx6ecuyymvz6ep7g	644
1oUqoqsWdRUkGCUQhWEDiSwPSvzZLT6R1	644
bc1qarv38fn789fg54uky3w4jwazksg3gyxjwlmv4f	644
bc1qh5xpre3t8kf70dnvwjfc3pd7k4a3vl9guazcgc	644
1DadgSCsj8pwMgHf1f1rq6JNFxDprG2nAL	644
bc1qu3jf5fvgd0kfzruxap37qwqqmnjq5mhxmmlkl2	644
14arjNTeCP2KmiPcZ3ANHkgfrYy4bRFYBc	644
1DkP9VqmDwZgxsJYivay1NffKaugCngmXA	644
1HKWGrduMEUTLZjqavgPA6NgCGACDj5332	644
1B2PnngkYm7JLR68HDqwCoi91QLWKFTkg2	644
bc1qml7lzephsakv28wktne3405vak3lnck2qrwls9	644
1F6aD6Up6UDUTNujpDLs1UKruTpT7P2ZHv	644
1f57vu1B1faErrkQuVECAmCevzuGFyPf2	644
19DQm7CdYALFGXmDQn7mK2QwqYHfsmv5uA	644
18p6KmkCRzo5y4qC4vaUzPSFASEF4RcvZ8	644
14wxt4PViYSwcpJ9QL17JmvQNfH6h4hMyX	644
14X4LXMTXVQBQFvaUzpFvv1Ner1W7pN1PG	644
14aCsfKHcNHtBTcVE1orzcUMzErRohzuft	644
3K8L5xnrcrRixbgbW7ZnGGNUnDVoYK2gLT	644
1D528Yr8NiJ8b6WrZLfscvjKUwFw7AzTWP	644
bc1qegaxkltjr858aneducgsw8m6597qmt4k6a093r	644
bc1qyfuk29ecnze7xj9rpugdn58utqyuc9exsejm4w	644
14eBvGoqLt49bHTf7oH4HESgaHXgStEDKH	644
1PGSNtUtWxpZgfZKCB3nsGyefDHiNGzBsP	644
bc1q0ukjklqm9u7zcxj23gckrhcqnjuz6a2f2td3qj	644
1NQdgwR9HhR8QT1VxK3QLTzYJzSCURsLDh	644
1F7J5a99jvBtyBkiecu3EdzqHDd5c3bXuv	644
bc1qj50uqh0q3y7ccucvcnxpdd3ezqtwcxpuxdmwde	644
bc1qsmnuu9rsy59praevy9dw5u8sdc6wksax05ykxv	644
1PQB5yGV132J6Z8BuT4qq3L5sktv3eccxn	644
1N8wjmZjZYW6S5BqiFMeNFp8DNYXY22Dsv	644
14LJDtCbxKQeMkUWUjoCmcWsC9s7iyKAt1	644
15WDan7xywKXafCmveu2kArY1TnDbKBzrV	644
1qgv1SCLcgUp1UCJWfTaXZubWEXxUZqkP	644
3BRfByFceykKMRZwQYT2YRVkboM4uc7ALB	644
12oCzk174T4crG16Ngn2GUByLMoLRnw4D8	644
1Fe2ZGUpafMdkxARFSygCfyjPuRDx795G3	644
bc1qdhrswvvj2z3mgs2t8800437wklp7mgrksqgv4d	644
1CgTdG2ftX2QKXuEGiPbnw7eGEdyWFBcVz	644
14MJPdk5rVhQKuF8tAjbqYgZgbgz7UnD89	644
bc1qxt6p878ceyvzf8rxaag54hjc3jh49d92fk5a5x	644
bc1qy9lydujf0ph0d4upyh3s9786gdc95es75eglmr	644
14bbBb2Yb1GS5s7wUZ1cu9kjVxAZqTEBWA	644
1MFM25Hz3F4KbLbrGXcczLhFJMNiGHnd8W	644
17X1A415gPgYdJJjbuMdbA5wwywM3ioVR1	644
14adHbdStMgiA3sdZyjmiY9MiAu2b9X1K8	644
1KxL43BmxxLQNUcF347uxAa3UbWtpsv3d3	644
1BQ2HphtGmNjJJP7QdpK2MorZJ9EVCVADL	644
1Ckdgt39DhcQSe7aoo9svGhqbLwptRvxiu	644
14BGbFNx85gMER9BCdYQiRrr5oPppEEzx8	644
bc1qh5s4eywpy7lzcpmredmhxxmv6u3w2xp8srqajl	644
1JTKMHGogUhKX6nrXdhNA58hE823npFYVN	644
3HVhXsG45wrUPAKH2ipEhf65h5gz1bjQ1v	644
1Nfkp5ARtR9RsezdnU29k89zp3ZLUpyfrd	644
128NRm42BnPhaCafesMwfcQrhBPKA7ofZM	644
1HfbQN2TPvw4iwA1Uay97XB1PcF8nsWAJP	644
1JgNTWTLyqcsTEoTvGLLDR9SfGAzStMunj	644
1MZYZiaepkKiyoP1gDzVYHfjBs6YvWuT6x	644
bc1qfz45rmlgq6cfr0lk5r28hh7sua5f30spnmjgts	644
1KZuNbSPYBY2SE2HMuJ2ngG3rk9EAZ7a2r	644
bc1qq2y34eq7v3gwju6j9ukl75gujy4y3vv9jgply7	644
1JU6YHCbwvU4ydpDKoQxWzpjVpaUvUvcxN	644
1CnFhBiC886sdXZVsmJVdHsjj5Rd3BVJGh	644
bc1qhv0ch6kfjx7fz3l4d5d9ycc7z6x56tkchrulww	644
1JpX3G8wMWLgW6WmLu7nHUPV4M1A2G193L	644
1Ns7B9cniirdRKQ29VxHorYScT2rBxWaVq	644
bc1qu5u9006p8r4jlup79q89pqdjp8h0vmx9vy4hva	644
1C9UGjFoPjT4vmMdJgqxswau3tGTNaP1hy	644
1FX5crHABbqPdL4h4DEbi6Xj4RgpZf1jDU	644
1HjCe7kcqsDBZhbakxA5iLqceh9saKJpp4	644
1QEVHK7ccitdfJooQSd1gKpRTUBZxQyPhQ	644
1JrPUYmJpk1dxe7E9LF6DV9gKN9ukfQx4t	644
bc1qmpezrfe0j07zjf0jyay36lhpd36lu438e6hw9v	644
16oqBEMyZ4i5wB9BTBtqHvHXKGkCTZnLyh	644
1GhSF9rqr5NaU8rPg9Nu4gKHHq4wLxLovq	644
1J5qNWXbsJuFREDm2gcF1TQeExNx6b6nzG	644
1At7h5zqT5pRT2LvghPfjGcXEbEzLXoMKz	644
1CwPJKgpj97uMPH24vJFq3Y5FpT5po1HKB	644
1BrSbHBqkRDcaAxh14Zk3LMfLQYX8TpGvL	644
136wLkUscr8Y1aaMkHCBartTCbDSZMtPZY	644
1Le3UnjzBavn15pstvpnFXEberr7Dih1Ui	644
17NRkM1nyNZ4SmAQf41hMHVoEYzaXSQkoM	644
14DM78mMEHAFWgDxNREVdqj41YvGzqXNjv	644
18HTY7jFhjkguaLKn4UnbtAjUJnufghq6u	644
17C6dLmJfXs8ysn9kTwWtgVQuyN4N8tpp7	644
bc1qvt5vujym076h58zss024eh6sgpjy5nmen5x09j	644
1B2YxJnwcfekCApWecwSqS4BErtYGR564e	644
bc1qd6mh2esjvuazv366tt5sdllu9lzpg3jc22dz6s	644
19fq2uaPRqN4TPhW5sf3qgvJSrNTgiN7Ge	644
bc1qy2jw04pf9zyucc0p20a3e3eflttxyq7pyh4rda	644
1CwL8us1QfRgKPHAaxeZSZCABUqSyyDBPi	644
bc1qt46rqjwexvx64q2e4s83tfmvsw497xsyrtjshk	644
19FQLKjpjVHdtGguZk14Wbi41J7aPXGyUS	644
bc1q8guc42xhmrw252ahdsdlr89qh9c24dgaj0qqet	644
1P6Hkv9sHsMsZ4yc4LjJ29xHyCTewQn2uA	644
bc1qgngqz5a30rdh33cw3t3t2l6q2n0fm0j3fz9jw4	644
1BzwdjuvmpTWi5BBYPakTCJq6168j4H8Af	644
1fTSeET8s3NnnEsV9iTGB9ydHgit9TVFw	644
1K7RVkxFHkGfZCy4MWYZAXbUxDZbXyyGsZ	644
14rinN8GmvFMw3jUQtRiRcnfF8Bhjb9DdT	644
1N5L4hKFUja8b9oe8hSMHykpDpJGV7L4t9	644
13q8SALdjSNVPDyJbY2Q65921K53Eo3F7r	644
17ZtvrT7P8tZoeVvjneqRpWMt4hatcLPcR	644
bc1qyv6qy4apq69pgnc6qp40we9929dy2wf926yyqd	644
14Tz6bR3FcRazDR5LupgQ9AbfFLpToZZHD	644
15zpcTHYMRnoGxMEBRdYkHvKB2F4GbNWyy	644
3B3stQdMGXS5mdEqVhjYiygqn7QfXH9adW	644
bc1q88x34n5afvga4mdum7j4q9py2rsazmvuzl9fj7	644
17oVQks5Hxki77CqZxBvxaenmKkTcePKR9	644
1QAnjT967Chwr8zq1TFJmEQZzeZT5fgLif	644
bc1qcw8rvzjujq4vvejd78u928dclln4jyl3vcdg88	644
16LK9zgFk4f5WQXAdvBiuA27LLqbo7Ennm	644
bc1q2ct27hjftv4ps6vvd3mv24cg2vg9p3p0wf5y3x	644
167KzdJDRVEzvRghusdCZoijV29msGEK6c	644
1BTZV43tKTGvA8ri3vKaZi5FZcMYRPb3S1	644
bc1q9w6jmtf09xdw4k7l7z70sstcjy8zzp87a64jyd	644
1L49LmBHn9iAroDKkiUaMD8eZtSPqcPxrh	644
bc1qyd95fqscfql4mjyf0y7hvuerap66wdtlky8x3g	644
bc1qs9trz02hgxmw9npqeqgvs76z3atkq7u7pxal42	644
1HG5uUkVaBu1u9ARBx7qwPtyPtmG9Mbmva	644
1D2pfQg4NMy1kBR8T5fgMk5yeQxvQSaYX7	644
bc1qkyg9k6ske8na9vh3vusppfhdp63c2weamtah3x	644
bc1qhwjpt40xvl6mpg4pava72tgryd3qsxkesjew3e	644
16jgfNcDVucWQBMS8BUKeRfgeMr7yM1Dn	644
1EXrGUj2Xyb4w2M4ZCpBYVoZRmbLYvaR5U	644
1N3iTBzxrtSm6Qc6TLRzo5TPgK1TSDYYYR	644
174VNnn5Bs76uYUgY1TsVvYdiz3R4BGHaL	644
19nXTPNTb5CeHmV52Kv5tMVLQ2PX4k57ET	644
1CaQcHQjBeZUzuLTVpSzy3AVpKL3F2T1ka	644
3NxjG8vP87FzZNos1H1oFh9myTeq86TDWB	644
bc1qecvqpq4y5efnvduz7cm7xtkyelszsz7gvf3fzm	644
bc1q5g8depa79q6kq95lzzjgwfcqc4cnekuvcggeca	644
15QFi4eRFxYYogNaJ9Vipw6xKngBD2CgQX	644
1AqK9kgxeb53xNQRvNaXYnasmZSNk4Dfjv	644
bc1pansy6a32uux7yfej095rkgfc7wx6nwttyggpdynzgyzny4tf9u8s5ejyxq	644
1JqYXK1qoUFrXCD2aNbb6evJ9TgmCx9uBH	644
369ayD95AeZA64K9HJA3wDJKs1a9PJvhBC	644
1A8fApKVuCuYSXdQzbixtQXwrqEt5WWQ5J	644
1Mdw1uG1CM7DAFB9PDDbt338xvdtCczWg7	644
1LXqg93NEAUS8pxoYFjBuQgXoRtarxLZHK	644
bc1qtrdqv3ns5scend9v8dql8mgu4j566uj90357hr	644
1BkYVxoM72K24d8RZUHKhSkhCwhiKfbxPX	644
17n3B4JvmAnFfmWq6vJuToQCKunBz146xW	644
1MHMcre1rVwxRYpDRfWycBhrqFAznj3DjZ	644
162ugV4g9YZcnTWvPapZMnvAjdBZEprV7V	644
bc1qzqxftlt8x0gwvqlt5llqv50peatreqa3hu5tvu	644
16v6pN7TfnsmP1x8cAnQP2sdLRo1MK1D7Z	644
bc1q9zgcdd8x74x48czludwuk0aelpeqc2ftc4gkh6	644
115jBCF5iFLS4xRQs6gdQbnzLWECTuQnqs	644
1PUZWbWbo5NxTjDcFWqQ8vVJMfJQypzAvv	644
1FGZPZmnZV3Ly5dX8E7eogP13FxWGo5erb	644
16cKDfA7BaM7NWUkpU3gZSeSfTm4wGTV9d	644
14RkarzumGUDUzHK1WtLrWwLTA7wqYaNhS	644
36Gq3Hk7jKUxAiJ9aYuW1rnjcAFsjA8kj7	644
17jsX98AkHdicWtKJKMdvaVeKUmr31jSCV	644
bc1qtfymgkmp9hlye2lcgyzt5gyld7e64rdesm8020	644
1DzgZkp8Kx9ATANuCWFagtq1T4SKuoUKNx	644
1FuXXs7QmZQdzo29LayY8pGb21NSaC1ztF	644
bc1q7egzguxae0wkpmneuklv3ufdrvycs7f8tm8rxd	644
1BfRSQGXGJGAYHWKKzEizHqu9GGFJ9am7V	644
18uFJ6Xq6DeLrMmhgEkrGRzCrmuZJoydr4	644
bc1qhqwlh32frc4aq38hffupqkm40smew5q2xgkfne	644
16F8kdWZrXt7iei9tcr3AcZTswsbtwa6Ay	644
3PZYaXxgfFfQkN37L2fEzqNtN5rebgAGoP	644
1DXYJEdZqE3vurDx482jMwpqxVNsNALohq	644
1Jhoc5188tZB9nKM58YBpy4gdNokK73C3w	644
1CnMgwvjxXo9L7QreWabDXizu3huMACsvR	644
1FHkwYHQfWPsa7dbeFgHBRtcVpkFnSNPc	644
1PAdDE5jSmLKE7p7kSCTsfhfTajh9AzFcP	644
1CvYobxa8Xd8Yd3HiLcPhgFMFuWz6CzHA1	644
bc1qgqzsyuv2sd7x5qelwnd4737f8qx7mrem2g0x0j	644
1HPchukM5Jz71x9Ftr8DSYxgK2fUaN7w2p	644
bc1qmj0yq6ee5tnyjmtqsrt7jw24y9jcwuvmr9ng97	644
1EPCZZ4muA7Dp8ewuAnGt76SZSAgmMPoTi	644
bc1qhfgl7almdf3z7kzdp4px6datjnceaem2n3nzpa	644
15LF1FEN1NEjCkwhsZCV1MQ4o3Rww3hLHs	644
1gZmu4P7HrrETahyxwEvHHrCcQvcSrbeF	644
1J2uwhZtEafPF3J8ca8YfACjaNtfStcwjr	644
1EWxfa9L7oFPbY6P3qjzgY75e1Btxi5ja2	644
1F7WqtXR5HfmxVxFnxAA296Q65G5wdNm61	644
19M5CGjPGx7jCzDdZSRL6qfSFVBZtCEtbP	644
19KsFQ39vDAhor1rnp78kqF4g7ucATYbQK	644
bc1qkncd65n7z59n42gqpr6j4x9z9pyz88uk5a8wa4	644
bc1qtqan5yx5rj3e62rzkkp5lnu7dwcwulv2h77v6v	644
bc1qccjgnm9uf2v8nxeuryf2yt3094xfmtysh5qwq9	644
19KDm4ZUuEZQKp7sXyvWZze8vFh4hNMH2E	644
17izWYAesVBwX1PbKkg7CbDUYygAVsoWZg	644
187thsDDmRgqjzsX8Tjf7JgCdepUCuL3NL	644
159xJAEgRPfB7TdYwmipvb9Ses1EbcxBQ1	644
1A733W9CfrH7EDdU21HgfjhVJ8pqTs9hbP	644
1L29r4QJFubSN8xkFfobwnrnYCF6tXz8uA	644
1EmwP19SzWzvd15CZ9tnUrU3v4cWKH6yB9	644
bc1pavcasg9nfdm0jpalvugjxf2lrlkq7mzdshpl8ncj4k50qn658alqntwjxv	644
1HmoRCb3uz11raUVqmTDJBDtdDNaseDiHc	644
1A1kBnRs6WoGAmS1rvqr4hF8k7nyGBTE5x	644
bc1qvu22z40n3tj2dunkqf9x7qzfnrzcnk9wc3nywz	644
1Hatvh1YxscCxoTBvKqapEyH7cnHb5iKWL	644
1LhvR8BJvQaXcUQqdW83TkgmWP3GhduRBX	644
1DCLqBecsUzEHFxJabMa2XnKvzQ4pQtqvX	644
1MEP6ZxPXKawgQWnaKyAGPawEdtZJtnhBe	644
1EU3n2iqfoSG6NeEoksAhrFJ3j9wBYy6a7	644
114Y2kU2PQ4cek2WsAduDuakG16rmqyHhR	644
1MBgUhT3XF84ybJe5KoZsxuD5EkAvmMc91	644
19n9sN5cePpx26iEy2Z2ihnnJHzKiAiTkk	644
17atTZcobecNqaTGwhFCcGPGyCtdtd2w8D	644
1DZQJjYuXzyJFed7Y6mM7U2NiaAgjRVQQv	644
bc1qt4qtms4esj7zkc6n9jq66lh3rzmnwvw8mc0zlf	644
1As9SuxkebnE7crmvJztfT15iCu5xqyd75	644
14BaG42XJwdqFT8yz5UCZ2tg2oKpakQ874	644
17Rj1c8evDaaPq9ijYyEMPX5aSQTKM2hsZ	644
1AooDKC8jCEmwj6r9diw87hvMZMWBg7qXy	644
13j9oa3o1jcLALxF7mFFFaoTbQGHvXEUnR	644
1MdTBPSdPsEJPFL41z7g6aepFCjgGUsDYR	644
1FujWYEYweTG7du8cu7etM2tZ4skQsWQPw	644
1GK874iyuHHuUp72LFYN29SNKC5qwTpurj	644
3JbVaPr7YLuTVwpbh8sY4jaL6vBrSUzM9P	644
38vyykKyJpnR1JC9WcYsmSHZuNWLKmXMtm	644
1EBz3uaN9oMARXxv3ZZrJbHNQyzy9zsGAW	644
15jrhFkEBcqorCRYJZ3pavLYhBaqa7uSFb	644
1BoNkcUypErjdbNauoUzmKAYZF9HJHWAxC	644
15XCpXmy6ER1WkaUvkvijKh2h7tKco4eMC	644
18Kp9fP3r2LHAvPY7mQGwHpsEYFQoFqoYB	644
18MdHtW4yyQ8VFwDtz1VZpAnXpZEy7bd5h	644
19qNU2brvZj22zWremgjAyMr1nDrUkRHka	644
1AFxeXYniX2qMWCpuCZSwtXhBPQYhFoB2j	644
1mTYFE1j5Z5MDNDJXfdpJwZUzz4t1iWYJ	644
179GFZM699gAM32vjAEAPKoFixDAtgvzSy	644
1MrxKVvFRSfU3DkvMfCB7n7rfL2AYtPvGS	644
1Dq4sNPWJvvzHLPoyFa4bLHujHBqZguJ64	644
19QQKnEA9KVjc7k6FCGRU7AY619erJvWWt	644
1NEeXLpkhcneJHovV5nGkbpwCgsfBJALqj	644
1EhryycHZYzGkihBKynFstXGadiV8zGCTJ	644
1AHD1j7KaiJ27mBNdjSsXgrZo3qTexUmNX	644
14YTCzkN2cj7ijE13FKq7A8GdroDqCMpB2	644
bc1q8ju4l2ynkxhwk427d9sun3q7mpez4st75hg3hh	644
16hT6eqcCB2Bj8PSHz5g1xXfTMzh1otGPr	644
16QLCPpMLt9EcaY5FpBemPt3cgETTA9BBR	644
1G61AAyEm9HhG68RywRpk5BqPcj9NQBaPg	644
1MJaEodvBdi1oPkWc4RryJgEqYcsi7rGZ9	644
16dDaVteqNt6eRuwgz1fKzEnFCS6gTF3kB	644
1Bd34PHkgtcWM4cuLiuMscE3dJFSdQidFF	644
bc1qptgql7dhkyzgz5nuxlsmzx29t2rnz4ghlqxmmp	644
bc1q60zcg0j7unvcphxfgx2dn2z9gxy9h2mkk3cufy	644
1FfiEwscwYneoLtis81mvpACqNYmXDK9Rd	644
1HQN6VoVV5PEtijQCcC7yuzvcjdn9y4huL	644
bc1qy9q2f856g08vc4nchkcf46852m58pyzt7xng37	644
14oWvqBxqHrMWeUepBYpx3Ay5NhrDcwXdA	644
1GF5Y7iFv3ux9BtDy8qi5H969jEHcQTd77	644
1HtDQ9H5vxNnZ832KnaPPmb3gU6UxwUEsB	644
14DKuo7Jf2W8x52QkgpDitrkDdeT5967Mb	644
1Mb8AxJPwipQhcD5cbPMnTDRBqtRX2TB9B	644
1Dji9KGADVWK1GVkZbBDkEBaro86ZFCcgA	644
bc1qqehhj78xvnw093lky67nmj4uvf49q2ku5pmucq	644
18MKTiy6bGSCsYBxJgJ5YFsZmewnH6h98p	644
16fYDrnaYF1qPNFsrhLhHeMG2gocka2r2b	644
19oJ5htozB4JuEpoAYWm6BysaByLJJEXw9	644
1L1KBdYE4mtD4mDQSJ4QC8G5e7RW4i1hw	644
1LC4NXSe7vZjGTRGZ4RRxsDyUsXgK1f5on	644
bc1qst5trhfma86sxnm7kwa32zu5n7ezvsdp55pjsl0y77vt4ud35sks2pgphf	644
1CNDoJGfMi6BNtcBeBMBV5WsuqxpyBin3t	644
3PcCwM4DsKauPMooVvVoNP6DiURKHW7J7h	644
1LZfkCLkwQSrhfv2SRVfrAtihSVaCGtBbh	644
1GrhaetoJsPAxoih9pAD1MCNmJrN2iP2CM	644
12x5ZSitHWkTtiyMeQWLh1Nxx9su4KML1r	644
bc1qllkqah7mksy5ud6qu880c46wa4wf90k5h8unha	644
1NkgwtRo4SgntCieQKyf9PX9XKCDnKouQi	644
1DMagN8CR561gsyy9sXoimJp5HmucSP4D8	644
1CbviNtC5PqZaZFxPWHQUXtJhPXC3kiDS8	644
17JPfWS1HvVGW4YfwkJ9RXPccNM2LLoxXp	644
19R3psAuKgRG97fWxn2NzZciLzUaXHdmXv	644
1Gu8Ah6wQanpUwWZPiHy5vgmKifpJ6wX6y	644
bc1qkmqtc6rmsnz0fkqj5yu9zhyp8xktvtae0ja3s2	644
1Jq45mVV5P5CoHWzhDJWsPPDqX35M6jttN	644
bc1qyua6qf4786japvd58p4ndaxwlp47q6z4l3g7lz	644
15G3ypCw2xvET2sLS9v9577CNccoqNWzJa	644
141LQfGNhaTqW86VUUz75pMVUzKFRGGtXD	644
19VUi7JHEHHjb1XzWffvAZoHCpZhi77r6F	644
1LExevNpm2oUf5VEzdBEgGBefx83ET27oF	644
13dFZc6xTNxKsRnWod4NKaKT4SoCktUoe3	644
13xTHE1Fp7FFv3xLwbvvfmY5YPgv66ptXj	644
bc1qz4lez8dxgpltp0464g3g5qdmcum0s9f4yshv8y	644
1Lh8bHNgq27x4yzxvuMky7wUew79iMVPbk	644
bc1ql6xtemu893ug2wgamysz45j3gf4dvd0alwh6kh	644
19P95gJRPdDN1oPWetrkqGDqU2re1wzbrW	644
1MioGY8zDBY6Sm9y2dsnEkK3Gp4xNTvaTe	644
bc1q4f7y4c6mlfrn2e3jctfqcnp806rhpk9rr92qfg	644
1Q8nJnjGp2hkhXG5dZ9qR3DWAd2L3EMEeg	644
1Gtd5xd55QwyE3qCwdmUGQd6wfS6yLSg5i	644
1Jp4NrnXZJYSvQTD7HoW8zfxwDSh2hK2Fv	644
1Fk2Gv6Akph9FBdukfc5HxtqPP3ZcHuVeJ	644
1Mt8ut27MntMhSKSq1NVsV9gm3mmtbnrAN	644
14zL2wBSW9yS4dYemzC78uQPJPCcajXPWv	644
1NWtjnqV8fN5voK6wDZgUR4w5rqN1TzqiB	644
19idtnwssgiBwxFSy357oy1tqjYkfmwfhp	644
1CCMEsk6qg7hnGiheaNQcnFdQHGKnY4xgE	644
bc1qv0u7m4fnhmu9ha7kp8s8scev0yysts6qdvezqj	644
1GUTsq6LTtEGGapnyvvAD8z5UWoABg1G33	644
bc1qu6ymg88lr4x8320rhsextp3r7jnsvg6e68fu3l	644
16Cr7uyrqLKqobzJM1PXzWjZZrPfkKDs3p	644
bc1q88c9d4skz7ahdgh45lt5qyn7wygyfdmzgwezf4	644
1Ku2V6jrfQxUBYPKGD2kpGkSG2jH5QhyoF	644
14si2pkKUg45Q2HvZT2z1ECrV2nUusnH9m	644
143egrozMUYmmpv2phKA2KGEPp4WQ78zhK	644
1FNW9EdmyqX6PZXRzVZ8MJfgmdSWHNARm3	644
bc1q3kreuhwztxg48au0gq4r32n25rrue6hvfx5l66	644
1EuCdXQqRoGefVq6T4ECD5oNE8nfTLCCKa	644
16CCGqikSLd3Pd6g3xvbKRJWBzpuZ1SgM3	644
bc1q0vsq24mu3rx4frfhlrpzh35tekesls0a4lkldv	644
1GDCMyKDq6at3BWJbCToULzbpRtCeFUQxN	644
1DqGqJUWBToU4my2dEQQ2rCfjah7n7oJoH	644
bc1qk5u4c3xwp2uvfftpg2yrd2vzng8p4afe6kle54	644
19G7ezSrcVfDamk1As2JHkGPnN4CzJ4Vad	644
bc1qghvlzmejx8j2mxq96mqahyz0p8rvn3zzhyrd82	644
15G1xKBT28Kt6aJBwgEtoFQdum7TqKepKx	644
3ECANHi7s1FAnWUrTJWWsgmzD8RxSE66RT	644
bc1q0j2v04yze58qklvemrul4hly74fldlv5crfvfm	644
1E9dFCZVuqnd8RdWtJd3pJSZUmwYawmWzb	644
bc1qkwtzfx7wf9ucp7xwzmj2am2j3ga6ea3y45xuw0	644
1MsQRdYJA4CAd6doVtoXQWjuUvDm5C2KaS	644
3CojdKirBL53KvDRpTSdLJWeaVgdRUnWZv	644
3Cx4PLD5qqDG8xKKUkZbvu15FH1oFDYzBu	644
1CvLTVomWkYb8Uime9BVTwFL3trSupzXVa	644
bc1qpe3a5xnlcl7zxt97xpqeklfqxe5f8eqsmn7l0e	644
bc1qkcmkw29s07fs3c02epu2f9lk3zyg4nps6s83e4	644
1DFD8YBLRddebHiQQe4iSCdcwKtBXgnLTg	644
16oTT6zzMBGcTkqpNEJsymcwTc9FZwZWw5	644
12NJMoBnNi7fxUWc5kwMQS3N4p2dG95kfP	644
16fnH7nk7TvYSgdWmWzdprk3w2ntRLE6m9	644
1DXkK7LMRMTyMwzoxDd7NjUQdgRdaHZ65T	644
1FQTvFoKWCP8zksFeY2tU22TVnm8wnCJSJ	644
3FYpBu6dKnF9p7Rrr1hw3mM44om9fnSXcQ	644
bc1qkj6hl6pychddyd3xk48vq2q3lrg478x9zwkgak	644
1KryFbexLR2hghUj35ekF4H9MFceKwynGd	644
1KuHqcvz25xuGZs5f4xG1nc9NR2E9bka1C	644
3HFK7wyngjhnF2eGWMFKBaQyzpn1SxF4rb	644
398taT6LPveTRMHYwRzSrjV4YU638sNbx7	644
15CEc5ue1xjNkaPgCvzxfSV9SEiVGpNhF9	644
1JoT1HgHx5ZbjteC9napwEVMDJptAaXZSF	644
1JfWpn1HCMG7Sp6C9pQ3sTmAkSGtL9uwyi	644
193DBgVtSa6ZQys5NmRoGYrZxBhXgceYBJ	644
1CfMoPC5f87xozyC9wccDwVAXep764kNNb	644
19suoor9k15k9GRnAMyseFmgeUS7PpM4wA	644
1MX2zpKc9dDsyyVtcZ8ZDGWBQdqVCCi9Sw	644
1Mvp3XjffXQLQ7Lonmj5jcskUNuaK9165Z	644
17CSyW6LQK3s2FiQCsvKtphnAserCiAEVG	644
1A8DGrFVN3ZdSCuCQfw8wFkqpP8MaZJsHt	644
12arTFCLs5jbs9KAYHhGjLZGnRDzaQ7XJG	644
1DTBBWiEibis58kRR2Jq8cuUmUTZrMw7Hi	644
bc1qwsnp83w85gtxf7zjxtujynn4p2t5lt7yd3vghz	644
195xvs8CmMrPvpsDBvQV1jzEWTFWxb8VAq	644
17NSAnV8x6K6f3FSorpCfDtbRLjPj6wWzf	644
1Hh6gPDJ9ySVASezxUE2DpSeJ3CX8S3D8k	644
bc1qs2zd90mqcsgc4k9ns7fnzykfssa309arvger6m	644
1BiGzH12mycGGESgxpFVRRSwWDwHauwctN	644
1C749uWTYK9Rp3JhVn6SS4AzKdoFiwFc7M	644
1Pe3jsVRFx9tpvAvLMxroLggsFDfpHKhxZ	644
1NYLAurnnBVYd5H4ddXXJkhuiqX6BxEpoe	644
1CXvFMJuvbv3dNdomZPAhXPYEjnEzvfFM9	644
1Far93ozbceuqu59CUrmjKtcy9KYW35eEB	644
1HrNKBp3YjMgvykpGXJPA25wZRcTv23xbK	644
1AHH4L4S2QdiVQo3YBrf5YxTnGau6Jb2bJ	644
15F8uVMEo8s5by6vY9eJhKCqqUq6e87VK8	644
1CjhXAxKcJS61V8QirkbCevvvMf8nxdfJD	644
1FnQcUrcccNy6hiMcZeYTckPBD45RrnaJU	644
1NftZURKaTZ7UPtckhrhUKFXEXjGR1QEDo	644
18HFxnazCDJzwJLTpWEMck69rqhZFQwW5t	644
1LGD1HGbZ73QB1FvZrtqkS7aG7RucvGpH8	644
1D7oBFZaQQAPHPmhiiwYq679ShNgC7f2R8	644
19grhZpNRQHiHciRgWGEdiEVMep4ia41Z2	644
bc1qcyn956l9m3un6ks88ga2fcd6qmm2gygn84r5dv	644
1DgLjAA6zYbgHdgDke1UNeYFDM6MH7XsvY	644
35E1xmmox24f8AEaCQdZMUG9ej7bFQ2dxQ	644
1BCjyb5AKics7keNFXkk4LrL8uehwpRXXT	644
3FRxbEivs4nc8KTBjm2QV4n95KTczrwo31	644
1Ej4FfUTSionPoJ7BiUXYg2P7jsVfTLhUZ	644
1EYGjT914oRaUhoB8dGFQCTg7AWLDaDZsC	644
bc1qkmhf60qpwre7vjk6r2v2tyarul6uplrnuw5u6h	644
1G1RsCQxyPPeQqkLu1getVvH1N8S5cV2Dm	644
1AtnsfBWzHpEnqxVQ2of8TfJjrV7teMSrV	644
bc1qhz23z6cx38mhg48yt7l8p8c8j5y4tdfmn8pn7z	644
1LPJa4TcZL1RCxNv7WdwAA8YvbqTcR261n	644
1HBKFjbz2F4aMLhn43GJJD3HqC7nUs3uys	644
1CkU8UuoZv9ShMKDnLD6uUN6cWAxCCDEh1	644
1LBtdNBRet6XcmKkUCNs1RBEgxJRvXJKR8	644
38qmAg8TmDqusUFNy47jR583yH9x2JP4HA	644
157ZgEGFueC8uRbWUHATjH4JUWZBncwN4t	644
1J5hgrP4B93h3gfXkXRUJeoXdLSrt8XsLE	644
18r9guQKC3XAuYLnN6GJhfSq2hUkxMzpjg	644
19S1SsQWMZVjHoS5KjjXX6WNc8QE9yU7PT	644
1HdZZGR1hyUVR9xdtx1VcLXytde4DBMTHx	644
bc1q8d6dens43ct3n8v6ljt8dw3mfvwy65r36a5mp4	644
1AEXkAnYNt3rym5kTHfsfjoqMbbukBDrEw	644
bc1qc2guzy8e0tla28g3fejw0kqkgc9zd54wj42xn7	644
1LpLi3aoADPWPpB8EeAeAGRwFYJQR1u4Nk	644
bc1qmfx75ud9exfg69pvgmnqufagew5fcf663h7fep	644
bc1q9468xf7ur6n999a48xl40st9u8rarx40tykwd5	644
bc1qh97gkvwtgnmquc43h9f7duq2jd6tgc3n85dlp9	644
bc1qllvazuv5dxfy0umdzpkdguyh656y9tum6h857d	644
1GHY9CstYJmSorpis7KXCsZikaVqGyHGjc	644
1DYvBCXKgHnkzyGHCogsZycGaJrqrTtNg3	644
bc1qjc6tlttn3679fatr6sksyvurgsff2f44gv8n6s	644
bc1qvwt4zmvgtud3hq9cv2a7dxxl6x27dxem26u6s3	644
1Kr9fWJT48yjdb9sLHqJsTurHPZZLnL2oL	644
1BKHwo9D7pEqcmXEUeCX58cnJsiQvWZ9j8	644
19x9UQ1J3FZmoqz8qwPydn3MKz5afQWB3D	644
13DmDLcKSKmHMmaEPzHMADAaTi88y1DrGX	644
1Cz2GS8HSomGUi9gif7sbNz7ohSAGiU3Xc	644
19wFJ9SDzhF4U97LwXj6Zkj8rqgTefRSXp	644
188u5rxj4cvEHu8d5sDbNHdhJAjCBNKgCT	644
bc1qlc3h29d7wvn3tayavspa67ms0nzm6n8shxjqjz	644
1DGtNPznqmMM3Yqk9zRKyLnXsfYiB8QhnZ	644
1GBXKZRKYruE5NGJomBuNTLfZMQmjzY8Bi	644
18s5Cfo4GCEmmXhUn5j4PArGN5cY2cesLN	644
15kYeBk3g7TmWLfw6ynRDqnJQQAMfUtkLd	644
18nsCEXvGTmg5cAeHwHmrQMbYEck3SUdct	644
1L19WikDpHFfcKpiVhdreLsWpqgkqHh6MK	644
1Aaw6bmtcw9QAwg2yhz5bh4bsYwSLayoBg	644
1Bd7pccRk8DCZ3zAwqNZHNa3wa1EwitQeq	644
3P9v8hRqSqoJekx2UrjjwX1ze4GY8PpTwr	644
1GUJxVE77QctPozNVGCAG1Svuoh4x32tBQ	644
3BhbMCu1dGRUk7pAGXYDR8XEhKhjnweKRt	644
1G5AeuQuZabMqsUSyktFeE6kjVLJAY1Bvi	644
1EBv1hk8WYmn71YrHHYk3VhoQxtrMb6M8h	644
bc1qhq9r600yzw860txffny82kcpc0s2ef28pfreec	644
17EbAUfMgtkNFmXT4RhjquPd1dowp6UYJz	644
1L39b7DxEMsQpPGEMmkTvHyiNSoUU7Fmnu	644
19hguqpeMyLJV5rpdRgmAGmvUCkNw18z6a	644
14zJQgtthTq1CnfCZpY1kATDCGQ7tBQEz8	644
1DjxLEmdatC9d2Uw5iVtHsLtR8ENsmvFaB	644
1Av1c731F8LmUuqJZVhLAv16naJAJBBFXe	644
1J18uQNQVT7XkUueN8NrEETJ1UUbtvwrF4	644
13VfG3UixW68yjRmBgX8i3srzNK8jhtVro	644
1YK2zQghmZeoQtHToRxoJXX4D5kSegSoS	644
1GYDJHQHRVLPxm73upiXR5tgM8d94Jp4fj	644
bc1qsdgzpecdxgtzxp9g7636uy2lh0u4qhu6wxxnvx	644
1J4FCJchzzQ1md7thxLosZiQtaUDZLLDfN	644
bc1qq6pc3gytt9auc3kyty9e3kncxq34nyvqx0p70v	644
15MNF91a65jWx4vhnAJUmsxDKzPuMuJQhV	644
1NxEYdz12PwwqXzMxnusZhbiMTSXrV6SZ3	644
18FKSbFwN7akU6bugi6s3qNFkBhKNF8FkQ	644
18YCiTzSe64g73mdC54xFXw1WpgZDGSo9Q	644
bc1qt394ah9ezv6pvu8u5h7vtrm4fv243shfyzpxg0	644
16sH7kTUt6FVmKaWMk8JEVvNzPvyMjQAng	644
1DkQG91u7LKC6fmzQK24qy46euFtSbZ18z	644
1ELzyvjK4pHgqJTATmdgxGkQqYHw45UueL	644
1MgNy183AKLM5C4JQbJB9FpjZFAxPn9V7S	644
bc1qscgv4cdc5xtg7dynh6c47w5kxr4pf3ze0a5va0	644
1Q1g61NJUoRLkb3VyqqdvPz7exx3GmhJ69	644
bc1qy4vmhntkr7mey88wa52uz6ldeszul7xszayczs	644
bc1qfa2ryaju96ecmdm02q49c2sgq3zu6y6caw80hv	644
1PNLocgPGXhXyL2NJQmQ5RqcvGj2HhAX71	644
18UDF2aMHo7KnhkATJQinc28RbxzoJiCmJ	644
bc1q8r5ce6j0c7jrvp956chaj9n62ev2d9h3rzvnvk	644
13o6gpR22dEKjXSwUSasuk1vLTMKaAA83V	644
1H5Q6qwjDmjT84hnK1LoHVXbVevbhewJe3	644
bc1qmvsv4a97lhynzjunecl9kgs49fe4zqpcykd23y	644
16ovvDH3W2SCzGXysC58kg55M6jx4uHKry	644
bc1q8v2xl8v6xcd67nufm3j89k8u0h945yjugxjzav	644
1N2NpQFq5cE1s16buKpodqgajP3bpRLEUZ	644
1PtXnjqKhByt5dgYSiViWXM8r3XVbD67bD	644
1EnJpNDUovqtWjSQdscs3mjzdn8onJuyVc	644
bc1qwdu3mmxvs34gs6tlwhzde7wum2smsest60esqh	644
1DMtsnusAqLyxrjSQn3V9EvMbHTUJBHTKf	644
1LUSznkVotXYsK38L2BgE9MnU2abbJV36p	644
1FCmzWJwJ2PZ8TDxYzhzMBmrVRnTFtzvqy	644
1FbV4Fw5GcPqnHn4ereT1vkNcHNXqcvNSp	644
bc1q7n2azuppztdk9uq4dpjqd44uq9lnvxx77murr9	644
18Z6nr3LgjtkRVCx1pacmaYbZvU3EiSR36	644
16jNrtSxEpqRpkCwMqwg4uxkGZpyAJvQpq	644
1NCmtsKPP6Q3XvJWELd7c96BDUN7cCswks	644
1H4oVq3AN4DAwLi6Cqy2GvChiWz8hU11Jj	644
bc1qzfrfhesx5lkjtwyhqxxcag2f7qwdp6u3z6gdxz	644
188vnFX8eCAJpY6seikvXhPaSeng17GWrD	644
1KpCdsnjXiK665SjDndAMyp3SuR7L9E1Tt	644
1FxkwgdiAuLD6MUPwFmXdyBnr6Ud8wRAgK	644
1DY29VmYcqDVHA4CwDBChonQ5Kf6QAvXwB	644
1Q57iQTXBHk8GAkQATyL4izTFbdvfae6MB	644
1M4ppnkAWuGtGVKyX8WN1HQemsvUofuwag	644
17qxbqogqfPqtrXJziBRHnvuSpCUyFJWL4	644
1BdhNvmggaw6B7f62a2wHc3kM6SteHD5aH	644
148NEWYHyBVY4QqSh9qP9f7F6VVrZD3FPj	644
bc1qvx5e8nzlets8awhc8h7ctt2r7u065ff3jmrmah	644
15UTmPzcNWBpp2fB2VFyxmdTtFtVTjLVSj	644
1Gr6Qm646CP4tyAWaATywExo9Vja8RwjYP	644
3C5JafATMbyMhaGngesYepRevbN7eGQxhn	644
1LVuPba9cuh6NUG5jZyD7hqZrgqULi9tiK	644
1Ddp2wW9m9vue9ggsoJJomy5DnBiBghcWg	644
1PugiZTbQn9iFWNbBg7topYZn8WgvExh6n	644
13jSD2NsShmJ1a5UnMNT74vtLBxUVB3aJo	644
1EB3tHVUKqRWUfpMx5jvq6HuCH9FGaELZW	644
15fLeycK1AYZgd8JdGJBGsaGdJFwcqBogE	644
1DfBvyZMsqonuvDorxE8xoxSksj7rAqMsf	644
13XFkGRSksj1jbF7u7fFQHzCQ8K3wFRdJ8	644
1EZSYVxQKb21c9Fb1ku1WWXgbzkEKhfo7E	644
bc1q2nnl8j32jpj6f3u0j0auxc03yhyqkf66j5yrhl	644
16DfTHngYXVHkXyUGA8iPA1QonNpaPUZuM	644
1EKBgsSGTzSorm3StBJhStLcBgvfKk8pis	644
1EYVEAXm9v5cBp8V53mxFdabiBEKH7SyS4	644
1BrUwGWbCEQTGuoC7eqaPJZ6BnPukGCTTK	644
1A8beDc7zjg9Jcy59Z2beyrD6iyLreaDni	644
184hw9T73xkWBLK9SihUjhFNTXUpt5yTdW	644
1EzYequARQTDhaj4qK7co9DV2MkKh4pMeo	644
1CEc61Dh33sSiGswLGJwFnbVgtieTrRngL	644
1EZAEFHaX8Y1dxnrTEp5hFix2Ar5Rx59UW	644
16dPu5BcGPfwBHK1Mdbc6SxFDWdW5hQEDt	644
3KHpxz9tcXh2grimRrUTzSDn2XUFUPN7Ta	644
1MfFczXgUhXwUkLkEoMojn16233T9NXRQJ	644
1Et9k8iboyGgAuWwx3AHBzaZttkts2arXc	644
bc1qsy3a6a3gxd32sntldy9s4vq9lz3lcyzcw7n3dn	644
1HkTdeC79Vu9YTYPVJBuLw3DpJ5FzyEr1	644
1NPu1jBqrZjZsJAVS1BkS6mSAsJsXaYWc3	644
1CHqWWGvZR7MfDyTnFjkUUsq7RBpCBqED2	644
16GHBGhPz5qTzYrLdd5vDWTeac5uzYSJbZ	644
bc1qmuquu9wahn7s2pt8rha824mnljh7qj2mnqy66d	644
3Dtzq4BzwueEnBJ32HZCzKacgWMLPS4Wkx	644
14J2Q6i2uJACcvj1ZTNa5Yhhk5Mhw8rTXg	644
1C8qCKz8j6rpELsduVFa68VAAj6XTuigBq	644
12Dp2aAfK37bum2feEvgLKeEBA7u9SuDvu	644
1BBqCggWiXW1taC1qPbNUY42h3rK2iFVwo	644
1NMsUmwMpiNBQCo1ntkjNRFpoc3QW6NntY	644
1EiUc43LpoqJGGSEuckKcouGRg9Grm96FK	644
1Fy7xypifEzY3t6a4khoPpnis4eT1yj8tZ	644
1BGM2vhLLwQN5SYPNdwn8LB6MsYquiW3dG	644
1LsqZDMfrkd4E625s9Rf4yuqUBcpRRPBnc	644
bc1qe0nm7n9xhcjar5tfms20s7he6vcwccaryqh5yw	644
bc1qveya6f5ysaa7uw448sqh6t5vk3jljn9wd0wlwk	644
1LyoVniGsVQeLS8vwCCqMWMmJWLVqumSYD	644
bc1qkre3tpqj6j82v8uj25zwy560y8qkupjux53kd6	644
12YfWH2ntHFG3FKivwrm1LvEj67TUqtJrw	644
1NUpV5i8ydMa2tvJGGRme39ZTty26KDtD9	644
3JouWfng6iVsyoS1135bsTTKuXoPLxiwbT	644
bc1qajh8shhtj3rx736xr75ntaa9wd6l0asn2fkfrv	644
bc1q7pats6chahrd9vuwyn93vxqh05g6rxk9lzh073	644
1Kihb8Y9c2bpDfiLGBPGThCSgiLt29GGKb	644
15WuSVkL7ZvYMAto2Ha3Nqd86LFEhmFzwx	644
bc1qvv793n2tt6t2qdwkzzw4wrtw9p64tx0whkxy32	644
1DhBWRrC1m6XQgnexEjJzPp7JeURok1PyS	644
14U1vavRcqihgkmNEiugboLGnZeoZyC5Jm	644
bc1qhqaa5n25uzhy3wfut74j008vuvmtzeem6kx24g	644
1HW37YAhwxRqFkaQg2o2fPsv9qSoF3LYFz	644
1DdA6fFfjgDKHVQ1STMNLh1a2PadKF8KP8	644
bc1q3chpayg2q0rzkuqrgltg5qvghdg9q6pe2qygfm	644
16BDL9JTS95ny8J3E46DGDXuTwZft1VxBw	644
19pQBy7Hm9MxdeegBi6bGYYmHzdWiCU8Zn	644
1NzxxQDzpaRRt1FHVKhFWG4YJWwgJzZJdQ	644
bc1qjylkc5qugcsp53rvmug84rm9sltztn8nlgaq2w	644
1HsAjr6bVj1r6ap2Pp4sH6Cs9qFTGcZav4	644
1P2gozFEn8NqNBvfLcHnrLcpB7CNwekzUB	644
16yhqA7BTvKUhhwmnYGcby46kiDJfDUyks	644
1AF7zR9zZh7YuLMUH8JpxuPvnMW63Rzpt3	644
1HipZXzH9dbR1WySkU2Fur6ZrY9j3JoBQH	644
1Lo3opEk5KcDgahAS1qWFvezuKxu9Cw4DG	644
1FV7nXfrDF2cgoV2xTbMFYEm76KW3rVbPj	644
19SqkAz454iQmLDQnHjoeUtqLLTRHjzuGo	644
18XRDTK7gkUmumKku5QMVBaxc4KAi9iLG7	644
1MUgLspaq9iTRuhT4HMxC7ahBD4Tw73mqk	644
1FfD4oMkmBkDggpd2kevUvRogJ2rYDE8pY	644
1AqhkpdLco7VxQjhan6rtt8ZcmCGxNCaMA	644
1Hwzz7D2rMsuUCErjmDSAKKtbB2RDxGjsP	644
bc1qvk5zxpydjq7n7ngreft5wen70e4rpkg0sur738	644
1CTmd3FtiBwLfEnnPRYoPPogyXkjUSua9	644
1GXjZbVJqFz28dUgcPML8EeYRzzoCyvbfE	644
1EwMdwJkFXfDqXGhGFZ2SxXzs8zLp11oKZ	644
1LcNJdaQ5QxUMwVZ6DeQfqasaut8AE8wei	644
12UpvHtsZ34MQNv1Emo6rwfZ81JosC1XUn	644
1P29mVjCyUBsAWRuKyyLbmUNAzEnsbsbHf	644
13GCSinPU7oxTNk7ifKcTN7AEMnNyMxwFX	644
1Dyz1c8DBEBmpcHk2zhDjMzyEWZipABFai	644
1L5YcLRgG4CnNYjKx88nrzxekyxFDELbbh	644
19VxiPquBbxYuzpSaQfSNVjoEpEHBnmaE3	644
18NiUQd5vZnAHBgdZP5daysabm91U2Zisf	644
1EKyyyzbsby7ECa3Vt8ujqqJ7j7TrfJkGL	644
bc1q4ajfhg6s8n6kd7l4n8l9ahnlnvjrnfd73fm8fm	644
1PhjYSdVoS3gvVJ9tUJecBs1nyUZMQJnY	644
1KSCyfzqh9AndwFkfETmBYbX8zwVRxeRv9	644
bc1q3a87p5zdwnt4rjcqpvwx8jxe37wnrxwmp54rpk	644
16Lvu5ukLkNTw4LCLUdkaE4En5v7vAgi9P	644
bc1qf2unkawmmvpg24remr9zgavwfw6xvumkh5jh3p	644
1EEYmq1Az5cfVupaZ6srWNfUEpVgVvADKZ	644
14uY4GHZnTj7dAc4zAnPrEb5VwMa2UYCUs	644
1Ap1DphbH9U86SLzQNXTRcx4KNA58yCxux	644
bc1qq0y0a02ge83036zd8sr7l04wkve6fnggpveq36	644
bc1q2w830j3ttxcu2t8kf84lcp0u9nge69v63fq23y	644
bc1qd7p0g7wev3dxpepe83rwu2szfv96eyekzhjsll	644
16y4dJ8oqgLufduT6rpQ1XF8mfx5guBk1P	644
1ACakZfNqrbdPdJYQcjkBc1DEtMkLGjCmc	644
1ARrrEdX2byxv7cc68b29nQsrPEw39Z3vX	644
17mHJg2jC9vQPvYNeN7DMpaCfV61pwxK73	644
1JRQMN8goSkZAfnTMd6WzdsfxX49tmX3Pw	644
1ABbhvBJYtkbLw1ZHePbBPzQ4x9B2dNVCb	644
1HYwuJa7M29VKVh93BuhPQsJeMxRCx9HaV	644
15AGRGGwAFmnNXYv9o9WBVE1dtDaejEU1d	644
bc1qqd4yg47v0h9edzclpkgswu5cxtj6y97p43u9r4	644
13uPQTuM2XisRYT7w8c62h7foqT7dTw226	644
1NT54J2KdL2mciM3NF18bibcUDTG9UxMmk	644
12yhksQbeL4ipdbsv3Gai26PqYXxd2XkzH	644
1HaFsukALYjLVGZyZ2GEcv3mKbbM7PSjtC	644
bc1qrcw5h8m7dqc3838ltey7ha4fk4cfavshx4s3xk	644
bc1q86q9u24shssa09ne2qdw8avzkvasydpsxvj6mv	644
1CENMcnPmpunr2THsg4LgQKWnWVjLN4Efq	644
3KcvYL567GxjZMGFpffrhtPv2nrN1Us53h	644
193YUJBPzHzKfhWq1cov1PxKwRKG1qeEUP	644
114LGv2R1He4Kyd2Mhh1XS9XTsTZQftR6h	644
bc1qh4qr7yf2y3tktfg77pq6pk343lpp7gaj2hyhft	644
bc1qpkazlz94xkth77qjmkc5c669mvzqqnpr3c9qtl	644
38anvjAt1TDkT7V2PuJcdxQeA3UHp89a5E	644
bc1q09unnzkneel3amxvw0edrns7n8cqxlt8q4269j	644
bc1qlwft0395splp8ztsks5s4w7z7fq4rl57k64v6p	644
bc1qxpuet9clsqk72ske6g3naw6zmmsls0dgqezdg0	644
bc1qze867krwxqj4delwr882fdfleulptda2pcgl48	644
1H6BmQTNYaK4xfdwF7Um1swBjktupNjBny	644
19uRPwAg9TbfTw74kazoQpL1dpcY8EZh9p	644
1AZyXJccsuXS2nDkjj6GnjWy59GZvvd1BW	644
1KmbZ757a96V41eJRXHvcKg9hcPLdx35DU	644
1Ahx4sDSJQE1U5tBmnA6eHdim3CwKa4hbp	644
37GwXTJqj5NkxgYrNkYjJ3GYrVmrYwLkep	644
bc1q6dw5vsu8yj4jg94qarzkhtx9z03m3zz650a4jh	644
17Q4fDgdgSTt9cDHjPFE6GyaEcNJ3tM48c	644
1NnXS2KozFeupvnFvUKzB8KWHpVxYE4ur9	644
1AKX4dTPCkM2k19RQihwwU6tbgTN3KQ5HG	644
bc1qc2ltrh222fw955nt4hx9ydr9y65lm76r6g55xe	644
bc1q7h00tjn8afrunz3th9vzxm89uaxtn9hmhvhf7t	644
13MMQWbXFTof9hU4N9C78Z8jNqwNMFeaJS	644
1821UtG8ef6w2knFaFA7hRvcTJ2nLcuDgT	644
bc1qtp02w9e6kfpgykq96zr0as70mhtsavxhqzyu2l	644
1N6pCccso8ViP6Cr6mMxdadsd3ajVd4CHc	644
1Cz5Vn3DWpUVHbiy43K2jbwA9q3LgKzxrb	644
bc1ql6mlzp074znj8czv67znlazk6adpf5h0w3f2sm	644
bc1qw7agx6x9gw2hnady0vttxrew4cwesws6el6ut9	644
bc1qjt5yy06kana6sxj5nc68x7dyvk42fscv6ejfwx	644
1KJX4hANpdB76dfCHxU2op752qQxWrACs3	644
1AcjKSKfCtszgAnAo2MwSJHnqyEMPZT1Ew	644
1Fru6Q7gSS1Mg2JYmjshnNuM9SZhm61BcW	644
3Bf426V69VYK2c8DB1gobUE68Uy5Mt3U1P	644
1L1khhYMjjYChAqxAg263GHMCFqws2Txj7	644
133N6y3CFdqmRg9xVUd3CBpgnPJZAxDrS7	644
bc1qfyfj0tpugltfefkxwf3xw5ql2y0z8vknnl572c	644
1HtNnhHtjg8FN65RxZEyi1v4S2ocXcVw9y	644
16VKLkGAnwmPPBUHTL8QGqkFsAXYNSUuFv	644
18Sc8wn4KiSqfV5iA3bogQRyrgGRmuotuc	644
14Ur873cfKT1Yo7837KJgfhgqav3P9ZfJy	644
12C9UfsBW54apjt73HX3kAgJWeFgA52PiQ	644
bc1q0vjkg4ys3vk35w2kr7epkud98mqyqmerzqzk2k	644
1Mi4kw8dkqDotJZ62bpGvo39XycUWC6Bt8	644
1NqXAbYWSra1jYrofJhYLB5GvuE8rzXjij	644
1Nm59HZusX9KmaF4okPWqer99jjMRov9pC	644
16QwyzgpghP5K8YiFpfdcQ4ZvUL1vYshvM	644
1KLKEDLVmswcb7AFZy4CdS7KrQKvb9iqpi	644
18DN4rBcWGwq8TUvujCfYmNbTzfQ6pLmiE	644
193uhefSd8STYd8S1j5ECkYwxrrN4gLhmK	644
13bgqTa7BiB3SnhJ3xMPY5scJZnGX6u3vQ	644
1P4NWkBtyzoUpysPedsjAuejVhECEzQKjR	644
1EnTjTC6PNLjTJxvmJdufp4Ft12n92CPuJ	644
1FcM6pSwtLpu5naDQTMyv6yUytUQpGVKLq	644
bc1qy6eeyadejeygwup6k2awzf6sjx9ngn5lqynjur	644
bc1qgzzw8xm30u85kcanwfs50k5a9ztect0x8jz5z2	644
bc1q0mw2nae9zt48wyehcvq6j5p3g6k268g6t8msuz	644
15HWcsP9mBNuioJvfpcs3uB1GubydGUKH8	644
1FWpvHyqGtsDcjwmr3bfKPsGEpSijwNi1f	644
17i2v2uFxMa6LEaBwgqC6EMWtk4RoocrC5	644
bc1q8k0dmsy244fczj773m6zaajh9z6mlv0xs2ajjf	644
13GdSmxqGAvktFD1q1ir6CcoN8wTuwhFj6	644
bc1qclc7zr8rc7utqmc2l4pqmsl48p0gtah88stfak	644
bc1qdeqznrlyzalswpu3nu4er2hyqn83x3lrsuy5lg	644
1HyRZUwBhCLmvVc9A8RzqhDxTRkPsuztte	644
1DL5hiFfTfzjFsCRoSvggGepb2Xo54UmaJ	644
14jKNwF96LXr5snQtHMCDBC8tdhtzUynwp	644
15bGbVFWNQHWZW6oYfzuRHtANViKjUAoA5	644
bc1qglmzsa2a8ujw9vczxcs79lwdrc756uyt4yyymy	644
1ERqiJK2DYT1zmthpRBe4eV17DipQzW9XG	644
1318pEZ68zLtjxdaygFWEVVVtZVTiSAyNa	644
1Dk3nXEGgM7iEB8FaZrFEFiiNPkKATYHA9	644
1BFLK26XsQZet1UFhDsxkAxS8o5Vi5gWwB	644
13aqSqf2MtkLb62nUfsoc4izCNJfSJ687f	644
1NF2nVLPMeqGCmLJ42A3yGqCT4chSH9Csf	644
15w2F5gYAo9kR2Ro8nN2TzVefke9pRsdmU	644
1FJTkaAreuSjUFsZpf4NWnScgdTtxfTHGa	644
1AsoSnS8dp8jb1TpMWwXVBZJ1Nt317unwq	644
bc1qrn035rlxmw9a8kgprqk0dpe29ltqazx2wynaq9	644
1DYE6bAeoTcuQuJ1SpW22qpeKnnFeUre1B	644
bc1qmxeqd7wemlkkqzpwrdeasq53qzgrge5jp50qql	644
139KuTBBmYLx5giTBXS9pwaxcW5VMgqLzK	644
bc1qslwd90pysxgwjq4t9tz9nk6a2jztggvrulpn3h	644
1ASjvTTjHvxnRTq6MidAfJitmHWccGj1T7	644
17CbJhW8DHXWcDRdYWQ6xsqcY2JGe6Qs5M	644
bc1qdrh6qf508vx2trem6xmr6xx3e9fq5j9chmh9lf	644
12nwXCWQcB1pizjs2SsENcKq4dPCpuyRfe	644
1Mpq3rFmzJF5RRVwBqEuNNA6jjgsoVV6ZE	644
1FATuwZEezbqaAX6UHS4JECu3oUb8Mddpx	644
1JBUygdsPk55fWukEa6LkkSBtcCfpyQnE8	644
112k5cispH6qcZyWYGCxShX8NUx7pYJane	644
1C3ag9RrkczEhpVCVp6Pq2qCG1V3aFTgwC	644
1MSZceeuQj8DGtjxyRXMnjEZw6xZzXYSuV	644
1Cum3nnzUtw9WqxjW3U8WeWFsJiAPwDAxK	644
3BddEv3BVUm5sZZG1gG2aTpbxb7RwrqyKg	644
1BZarWD7b9HMr4n1qAPGegkn27HgymgrFt	644
1AQpSZKp92tZcrKmW3eCtVxbR7Q1W5oXtr	644
36CFCqJMoNiFRhWs3YZQ47xiSZay2ZuPoG	644
13zocJczUbL6uGteg7AzhkCnKExjVeoe79	644
16mJBetyqzZLtpeHxLZe1yFvAjFTtqTnUP	644
1LkapsK2uCYr8x9Pr566QCss7ms7uSr72V	644
16Xz8R48s2PQLjzQFsUkqDtpqmqEYd1hK2	644
1Jd6D3yqYYE7zoEPMxEqrVfUVjZkT2HcBp	644
1NSxWfLYNMwrhJXbjcj8FVYEiYJX8H5s38	644
bc1q9wh7drwpdg64js5sa00le07te2n6c5cyv39vdh	644
16K4xG9AXXDv7wdp3QaNURnsKVDko4ES6d	644
16EaTSNNdiia9PsgRVAwPKY9SKVfSFSysa	644
1FVmSn6knePYRLUWK7irV6be2krE3jaQXG	644
1BVSgjWvNz3XY3JaWVCZSP1W3pGr3eH3S7	644
1KUeyQteBAUsC6MTmhFme5z3uLJzjSQLy3	644
1GjenWmydmKxwcmyJSzmrFARuX57cF27Tv	644
bc1qzfjuk7rc37tljcdh6as6z8lxpnznfzevtgjefa	644
bc1q6yrlxt0xxxz5pcfnmephc7d9uwypkgsj4ctyjx	644
bc1q604nfknzqwfnlhp3tcr9fs5ltdh5680q9v4luh	644
bc1qggh5czglegvcgdn03fc9u46flcecsnn7p3xu6k	644
1Nku7qFaVgNMHfuyXoZqZN4yiuXZ6aQTDu	644
15P9KdHMQPNZybcq4BmYtkeQYfbuG6HehX	644
1KscBuiczPfrwkDGCxNWmHgJfxcfTjgD3o	644
1365d6jSqQeDGRjXw8WYKJVeJxvRCpp6iW	644
12WxxXmgrCkh4uo4pXmFRHusRCbShbgssq	644
1LTPwgVT4RcvRB112DNkpeP8chjMqmY8W7	644
bc1q8gnr43v52klhemmdmwgq409qthty2xamaes7cy	644
173rf493e94uU6YLFWcHJonY1GdXhukqCH	644
18jEcjqoW7Zd2TnxaAe5G4MKCt9MQhGgtg	644
1DJLDSAmT1SdLJBq7fyWCuYdKq3WnSWjA1	644
1Cs62qJvfTTKZkSe7GMA3gzsPFeBbp8xwj	644
1BQQv5wN8baVuGqSkJ8NTE8avRVVuGcnxv	644
bc1qwv4yaq0fmqr5mn0fxtj7shfv0am99z39622a0t	644
bc1q74u2ewkx0k6c0tzv7wqulkgj9e5gzrxfnwrdc7	644
1855L2KVRWq7Pw8Kt5wYXSW27p4pwz14Zi	644
bc1qft9k3ya5tdkfg22lwauy3xhxpvjt539cklap68	644
bc1q6gdh64jllnemk2chx5qmfcza8k72qs264n74nf	644
1B6WK27pd9Ztsoc83dufRoygeUvG25XSxc	644
33jwVzJbonKpKB5PpgSRo6ggPdWgkuyZMw	644
1P7Hv1G74au1kVKtToFJwFax59RH2CZXBo	644
161PEQWfWX5FVF7XfKL55DgUsNodPPLmDS	644
1BtzXMdYWQHJhhMTxEAgJpbt526CaWkX44	644
bc1q6fa4qc34evrcvm273lt2r4452jts5fn6r84fwk	644
1QNjXTsCbxC6CMiKmwK5sh4TZPR7yX18y	644
14zB7G3vapu37oVpV3RQbq5ybYa3vwtFcH	644
1CSzvZGJvXrK5Fz2EXTzz4vXgZmPfvMFFW	644
bc1quhxumg537dw9g70y2lwsxyz5vs6v3jysgwr22c	644
1NATzbnPpyNwimN29AJtrFoUqH5zFrfx9Y	644
14P1k2LCXNavsBL7XpezRbTEs3H5xmP1JC	644
3DRff1Zv2ovZXrkMDEhRTBJT59WrgzQybU	644
13vTyoswaedDYP8Pvp25AzFfJRZoLnik7d	644
18PgqN5U6N4R9NVFTEEhwB1CS88zXaVptK	644
1JDmvkkxQKmu8udyYWwe7LZc2H1MDjGe7V	644
1MvSxBvXLvJo1agTi15wCEfYJVixPJEBhC	644
bc1qfa655at78w8c0rjvrz74xxy6yxln74nj8sfl2c	644
17wfNX1yFTXwEEzFhyUCwde4aRfrywVkex	644
1LD2WbQriR9wbqjhFHryJ785sf7XzomZUx	644
1qtnYJWkCj5i9GjpCbtRKmE2rhK26fa6N	644
1LW35NZyRYnViTabDrGtirKnrPiz4Y5Mqi	644
1EHyPkmWMr5dSY7Hu9RE374Qf8FJbSezXX	644
1KWK1dDYYhqTruNF92xPkVmnjxMx5p1KiX	644
1MERtDFPSDoR6ynxw8HcrKijgvVCsjeayd	644
19fz77m8EvVntcHeajLiMhnNKyHquzjH5z	644
bc1qmq8z93qmlrc90p2j4fuwvtee0mt6rutq0nad4p	644
18FDsTRztUfkuq746moeYb7BDBx5xo2Gey	644
1DT7rvSfHCgk5nNG1mAay8XwyT5RKiQTHV	644
bc1qjcwhjj4c6kthx3ag0gtwxat0909pz22zuvyv6t	644
bc1qv8fww4x8qt6h93ngaenf5s6rykwdh8gdqv69kc	644
bc1qxnuf7s5uegwddz5cupgf8h2rrguvd2dm24a3v3	644
bc1qykdute58rcg7mteduuyj8srua7574tyjrc2zd8	644
bc1q5mugwws6lhcknc3qgt69cnshet66ttx7tyeqz8	644
12SePqfUnZfy4RTcvxaQXoh8sNM6gwaepq	644
1A1PwYnzw5VB7nHFKB6WfhSYYf1tqcdgJo	644
bc1qjfas4qnmrmk8zwfc9uaedk3htusegsfed5wwmj	644
bc1qygeyyvtph09mlzg7e9ehxhtknyvdwnpl0ex3a3	644
1HdZqH7LepKaG1SUdrixvACprNvbrVztiQ	644
1J8nGPtTZd11VoVSwnViDzzzYrczdzUS7B	644
1PBfmYzHYdbm5W5BkWAVLv6uCNKTJQCLvk	644
18PGxHB1PnUW4KhTj79gE93efYne5WD56r	644
bc1q0g9ys3fp9q0w9vu38x0308ugz20qj6fertz5tp	644
18W8k1MkGiDoqpPB22VF79LeQkgi9Ler6U	644
1NEgHqq6z2mxzosFqwC3orHCNoe9fGDAhL	644
1KYDtYrtgpePfsp2KNhZbi6qX28KnLPYqC	644
bc1qfv4lkq2262vxxsz4kppw8e5x7udwc7sn6cpndz	644
bc1qy6ag4k2dfsq2hd2z8c3ljcx9tfpxj4aknf7xrh	644
bc1q6kn76wcpld8jf3t8ugvx8kq4jadz2rchl2xpmf	644
bc1qyfl2ht2apf6vy7rcwjjvmd47gpdgw8lc85xze8	644
1NDdqfHZTR8J4LJsmFsKVWqX375eo6H8Bg	644
1ABEJ4y61Y4whuMX3rJofJmQnzyMcv9kFs	644
1FwG5Lo3yv9nSXHf5AHGGDZVQgHbkn19r1	644
1LoV5bdiDzcT15oEGmrQ2gCgj6USSfZtP2	644
bc1qnpwwz8x92h0txxfv8ud92zzdclpfdkjg76fla0	644
1MK5BdAJsbVPBCG3XGPmoFZ3YoV6e18zRR	644
14NV9hpUBVsdaP4RWiKRdsQxLDBVaLDox6	644
bc1qxn5n5vz47667x586f9xllvqm598ksuq0nv2mkg	644
12w35KWFg6xnii8ugaZ8EqDRgyvjxV4Hpv	644
bc1q3gcq8elua0exyquygwmx5e8uyps2eupfcmcur6	644
1HxixQ23nFJXPeAmQ6CVwo1i7TZMZnYKMX	644
1CLMkXtbrqfCm5TtVPHQ9tuBEW84KU1e2G	644
1PLjapjqA6ZY7YD11iZ56d8hJTX5FVbtF8	644
19MccNLtd3NffJFuqYG8Gz6hbHqVvgjMbK	644
1PHzAzXMYMwyLRKrSyCd68eJQJXvyZTtq4	644
1EK17ZsK77ak8Bzh5ysLDr4bdkpiLbowF1	644
bc1q44r5ffkw68vxrwdthncta0xtrdf867ccdkstd9	644
1HoYABVCF2wSbTSfd4pNyKzBdaQthRwoPt	644
1EdY4GDAJ7rm4bNPC9nKpUKynUYZaXELhq	644
18jxdGbUqPx61s9Kxq3VT4MRU6LxQqoN6A	644
15rDhipjv7yFqL6baCxVriWT3HqWca2mUH	644
12gzs25kdiYP9oaVVGoSo5fvdjhmHSaU3H	644
15LNWCV1oqATXmNzUWzVkLDg38evT26THd	644
14R1Ybf1z4v3kzd25G5m3fzM26rgd27ZWa	644
bc1qcnvu3fzyg6qtskgag3a2z6h6mhxy7zmr8ray38	644
bc1qvfqrw5gx2fceqeyytpnn7klq7xaq9c7zt5j0e7	644
13s2ZmFhMUHoGHtAuqKMcapx7EaL5gYNrW	644
1KYofn2of4HqYeQdzPLDWU2e5vEawcKwUk	644
bc1qual6h6rj0mmzscvjf4dkaq2tnfcwwjku2lvdw0	644
1F9FofVozc13ETV77gnDxajPk5DS6VFqAz	644
3QWLYT6WjNbovFesdteKgQDugFs3MQGqZ5	644
1KLSjvrUJ8RZVeH2JkpF3r1UURX9vy51q8	644
1NV6BYuuzYyuM1qedESWb9W6i3Qzju8NRd	644
bc1qkl9rxamrdq8lauqmhevcaf4xqkq6sp39p6dgjw	644
1D6JtNaoW8GSp8yJ9f2BHhPz7zur4eNnz5	644
14BkKBetPR9jdkbdFrYjUjCNwfzShXgLDN	644
bc1qktu4vulwrf3aef3d8de09stllnc6le8ldx8gdc	644
1HyK4JJgSGRZjh9zVJDBxUHA9VBdrUMJQe	644
bc1qp9g40ta5pcgr4lc4h8ea4hlc2g477glptq022n	644
1CgjA7twP9MRzQsTrFhsTJVpvs4yYQ67Zi	644
1JkxLwNUsABrRkBxxwmYGjZR2iyE9zNWeo	644
3KKMSMAAzWtsYnFuYP4h4us1J1ENRUb1YM	644
1NS7UfoJp4vGcfkfnU8QyTzGkEyMqeLx3X	644
18bMpmbf2HnKcfEjeUhTiNSWFZnRrPgBtW	644
18wU773swpyQf1krTNbaPGrJLniZC4WjN9	644
1LJ5ujXEGQYdZ51vmhMVtEefpbfwinVTEV	644
1DA4ygxuCaztJrx6B5sGNzzvB3yBadSg1g	644
19S2rgSnEMFZw76zuSzammBqQYam73bBHy	644
1Duye49wDV8fovDcCdtfuv69pcZEZE2bLV	644
1FuWW56yVZckfUwggzG1PV3z4JQpiZr75C	644
bc1qldeyh3qjsvtjwj0hatac6zv6sa3f2h0c5z027c	644
17vaA3LRrBs566j1sYmG4L67iTUPSn2uT9	644
17yBjg8kmdva7kAgg5MBPsEd4FLe3t9aoH	644
1BC4hXNFwS8SEiwoMgehM1CuRzLxUoWRus	644
19F7LQtZ6R9XhMxJpVnvkFeGYBipTsJFYC	644
14acjk5VGfZptmmESqqDaZL6sNdhPYGxt3	644
195R5vGwzJSeMZVf9nAzq15e3iWGiGRc9q	644
bc1qdnsag3srdeygnc32jpg8ua3qh7ta6maadfvwhg	644
1BDLE1qchdzStCaMJ3qUQzB1Ac7PTCXsPQ	644
17Sep1hRRAsrNyxLAEtFwUocguWtvzmGN2	644
bc1qsdans7s2khx2gghsfplgg2typyuqgd0d4f23ln	644
1B5QmG2i2CFcoLERwCnJAQcK4XxDnZNydA	644
bc1qspdv4qelsypqh43jf3jn9n42wta6dsy4u2ud79	644
18G6co48t6Evh53qc3zS5YuQeX5pTVxWiS	644
1A6Ko3rWPDj7KkpP37ChwV5PVAZqHwS9QJ	644
bc1q4rce8sya6tm00gg2hxkem4pkl49wc9rpl3c48y	644
1AGTAjNmpgxuFBe23Rs5iCsPEBe9TUbDpL	644
1B8C372mTQeeG6KSxRV7fPmvSacDB81EUt	644
12GoHcc7ZPAV5Tor3JkaemF5xD5kPzcUH9	644
143RFwvAqwktFTHRJtxZftJu9c8ra8BBP3	644
1PvbZEcWv6Sw4tYMM91oYfXgApkZzSMGNe	644
1JMQvEC722vRKy24oTsoA3Gsjii63Eqgwe	644
1GHepdhM7MfGneppdSQ1f7oqYvxRib4o8g	644
1DAY1NgTVH2cfkebW6a9gxw9kStuHb5eUJ	644
bc1qrvqfj60tee4y4apfx3ehr4mrrn94pw9h0mc9na	644
3NVG7kYmjzNdzCeWUZbAzkA1PdSqJ9se3a	644
1EJpbJLvn3nWUtTQy7f413RNp9r4W3jwvt	644
1Hr2UH7aA9jf7EhkwVb2HYd9rjcGzfj6Xe	644
131hrGxNsg2FrXwmE3mSt31q5ipfYKRw2Z	644
16mQUBrR4Etq3icLQ8GshM8rNpDsSap5HX	644
1Av6ZrEkbzud7SiMzA2V2UxvyhcX2waXGX	644
16A51XkmPoK33Chw9Ri3MntaxruV2bb6tW	644
1EtGuygiBXMpahMQXb9gNMG5MHgb1CQKwe	644
1Bmd4NEj57eNbT97M49QXg4tk4ScKfQ7Ho	644
bc1qjnrldcvccx2xkarx3n0ape37jyxp9hqggtxl34	644
bc1qs6jqw03zemf3k2tc09fwwe2ps5kmceqyqeg5tp	644
1JdAuonVEUpgYErnGqLbYyKm2wVgGiY7hB	644
1FKi5yDuwNWPouNepMijecGbPh31uon84F	644
bc1q6edgtuvtzfjqda5wykjwrz8dh53rrppnm95mca	644
155x8aBCJ5WNybN3djzwJd66jjtDsXhDfb	644
1FUynHhGPdUaNfhaivwQGpo3iitnmf24Sd	644
1B845W1nDjWA1iSX2v9G21VPi4H5Upgj2f	644
14fs4qCStqf77i8rpRztnvYpnznHEx2Lq3	644
1LDTQPSrE1kxQdTMYrEv5QeDsEzMQ2ccqa	644
bc1qelyn2aq09ufj6u03pyp4j0dvuaxm9k5mfx7ln2	644
1FibdbTqXocTyjJSRE6xQgdz91NVvxPzgm	644
1EcF2LZFB5saT9hGiS9SsnsU6Vb9SceBCN	644
bc1qzfmx4um8gj9mt2u6d5q7yzkdslknhg79gvrm46	644
1DSgpRARXFW1SDTr6PuHaChFaYogSNuCA3	644
18QQDFkFkTm8nFtfM3PXMV1EoXBKwVthvD	644
bc1qq78q4ln2tpp7slul4gpk9lk04jsr3r7cgll5hs	644
16w9WWFvA9ih1LrtvxmcFU7hk9Tjwko1Fx	644
bc1qejfy50lrkenannq76wl5lgdnhy2tyfdj56dz30	644
13NV2eKw2PG84BEnpv834u61foKnhcrGtk	644
1HYxjmtEMt7XcNbKPcaWYbD3116hJTPpYp	644
187Mxwib2d8mseyhmoGt2YUmwAaXjHu6JX	644
bc1qnakxdt6l3nnygy068l4tas2w4qt74f38ua08rd	644
1PKmFY4cUMKLtYGnxkHxkW4ocWjuSokp4b	644
1ERnakEAZhX2iPJUeDWvY6DdnpoEZNQiDJ	644
1MGyWwHe3pgyoRBMUsNXe6RrdizrXb4MZ9	644
18Sg4EZWcDe9qhc3iWQVNN4guYB3MJ5tra	644
1NtpnevL3jzwNtBSgJkA6YaSomK71znooR	644
19mMw92tNFmzRDsnDbN8LopsHxpRa9yH1Y	644
1BPtBH4MTiPg7AAnFaWMG6Bb4SQTy9sQzF	644
123mxXWXokPmxqA6rVgXMdzhjKR72DkrYk	644
1PzFknimTGrMkKtub3JmVjCpqKtmHQUURH	644
bc1qrkr8gr3spjf7xycus3l6wtk7sf8qa0zpds65rq	644
19zCzvZ5LmUoDQPEePeqXU8hbekYu7BsHX	644
1N2o2yKMsxRALLfFa4eWKUG6rDxmHcAzAf	644
16j4a8dHEBXgojZEfYk7UoSwwerszd2RFq	644
1HVUEXoXT46xbtXmJRrUY7HztD7zVfnhnr	644
1KZgrpcpUU162pgek7YfYmq5H6iXXWBsf6	644
bc1qdku4szmej9y2jxmjpt9z4zfn6vfhrpl00nw0k2	644
15JQw7PktpCCvX2KwasaNzsEWgYTn2AQnS	644
3HfPHok2Gqd5SxzVytWaRGvEbCUApBEKpi	644
1DLA5joxC6cr84PX9vYc5ZanbwVastwLT1	644
1JxXfD2HGUzK9WfGaYWYLJH2YwUvBLycYB	644
116ssJErfdUS4TjS8yZ4BfYFeyXWBqeYa	644
18Uzs858CGafoVp439wpUMMraMVmXkVspp	644
1C1GqDoM7p4AVPdaqVRHBfGetEdeJnbr53	644
14AHqDoRd6gKMFx3ufzDNJwNR36vAgMQ5F	644
bc1qvsg0vzl6k5y02fj7yj7zvstd5ghzcertjh6qlh	644
15ywGMwBMfq845DtD9Cd21E48uaYTjhDJW	644
1C8s7sJ1rV4xstRWswiS2HQTP9Nu9ae6cz	644
14S6CCD9LjbapAuWU1qSurjvaxcDPfoNdU	644
bc1qc6yky6mza5xh692935nx9qh8syx58a37hzns7h	644
bc1qqrwg8ve2nhey2yat077yznnzfm097w5nvfwtej	644
1NvedxcjCk757RPhCsqfYh4c3M4zeeYmX1	644
1JKGb4U1NqkKwdGUxd734pmbFkvDGG8c2B	644
17tqLg61L5o56vY11L4HwyHiz9bPHo7o9A	644
1Ap3P3UovYCWtTxpSHQ6HPfQeTzVT6WLuH	644
1Gb2QxAWuZ7Zcm7JMppfnPLPPQGLtMkG47	644
1CqnUVfxQJKuHvXcHxZLy4LV3J1uiPLV1D	644
bc1qvx229m5m5glemtjdpd0na3wpwtskc4p4nrccla	644
bc1qeyymncp5cj5x4u7llsycxu2vl3yrlgcskghe82	644
1C256P3NbW3cKpbWSTnvzdUJ6BzpdvNfkB	644
18jShNek2KkkShDJ9qKimxG43YJozhvE1Z	644
1LPE7yBZWVB6gGzd4d3UzR4XGGQd877bh5	644
bc1q3tzseu6jd93afvt8s8e0avy27gjzlwu9zl9g9w	644
12DCfAHMufiiRvkLpdtF9WRCPYS3qZdurt	644
bc1qlqnspfmk6n46nzaakdkr7zlrppnwmut6kxjrc7	644
bc1qct2al0cs22xem4t3qfejlc75fxt0s4uzt0muuh	644
15jXp4x9Yt5V55KCFJjyMatv6Vz8ZUHTVy	644
bc1ql5cswk3p9lxzztrl49k87q075q77tfq08hzcpq	644
bc1qvy8ky8r59402uv0wcav7qh6lvyd6n40jm6zdpl	644
bc1q8yfljxemecz3gfl7mdn9the4m5vc34txk9gv6l	644
1Gx24Z8PnqrjuqpHMy4ekNaVHmFoDyaLrB	644
17T9urVdSE3bpvvP7T4D9sVMW5aGik77sR	644
1ASaHzNgrN1dLkWV5ob2CUutZHtfkTNpyK	644
1PgKKbYbPaiqjhEPx9bXjim71Z7hrZZBVV	644
19CUNEqSrwDg97STYqewS9redjuYgD8mEg	644
1AqVnqZZMBNxas1r61dEvWcm9qEF6xxXw	644
1K3uY9ZKzGV1bAF3bE5iZZ1fWs3XhoyAZP	644
1GHgKjAEvm4K65kY2SCvUPDa88CoFQSDdL	644
13GAdm2LjuSFJndzjUEKjg9BZmuCUZcsFj	644
bc1qqvmzcsdk53amh4ete6nlxcjmk9q7emlsl3leln	644
bc1qxnsqyn2xqnr28n28yx39h60g9kfwrmwm99y3ps	644
15bs2gvC5xQCLqteNC6Ubm8JL9U1SLVwCu	644
bc1q2vurhpajljxmrnvsr5kwaglymxq6j7w2tw29c3	644
1FbdEt8bmzNG9yffv3BfHmVrKLfTuWMtJY	644
1GUsnASBrSwUzcHiVgqRiwtcfwV3ZYoddS	644
1Lh8Ce4HJ9jHFeat2nQ5zcZR3wTqK5hQ98	644
1FFBY4t3zNFjMepiNh8URJ1k5YNa9S2RKJ	644
bc1q32hgcx7zn3tljmyytxwycw4q5nqk3zhte63yw6	644
bc1qjhdkwg2k005tnrnn94a0rxz7s6l5c36kd30mxh	644
1GjRsEj1pwGHVRQcgoBsFiBbRDVuN7ajbT	644
1LEH4W5J72dSt8w52fg555m3XYoBxyGu6W	644
1KPK7kwS9nMyJdhveZsZoAcvh4WNKTFYnM	644
162dUVKrQrTxACSLW8K8cwY9eLUXTXsYie	644
16UZK48NrQjJidCH7xdGYBzhFkGLZ8Nk2s	644
bc1qt2nxwzmc4dz74nuyqt6qd9v5g5mj3r0l6psxwd	644
35BZQoQk6RDBvC4aVc8ZwZcKUYSWg7bzUF	644
1QD5icJWxKLfoqwiUZaUJYWEHK3pcV1Ahh	644
14WYPyvvDkABGHNLP9RqrZYB8pjHmrte4T	644
bc1q2kqsm98m7u4pp76pu9p2sf5s44xra58qg3jhm2	644
19UqkmAibPtD6cjPoXb8ZFCEzngyusVjaV	644
1ED9syoRPjAYJA7UNMWM7mHAojMiVDShfC	644
1PsxFxTaatYJzRmcpRNdWRj7wN9fpNbr7Z	644
14jUWEephumTxR34HRPyZ3akdUdLXSfUQJ	644
177xB1VtBKJ89zYPernfYjgQ6eofv6anhR	644
1Q8kHecv8ZaKuFwmQVosdoRgvLGJLzJpzW	644
1LJyHW1EgFHbGJ3rXGYsZiNPA8MZR1vHiN	644
14cDokHA4hQfeBKLLfKAfHyuwF2GdKFyDs	644
1JJpyuuV9ViTkUsv2KiyQ5TCYNF8JaBjE4	644
1dBc3L8Ddj8iGiSMUmebspop8QActGq7v	644
1HPDwdog9tAt6D4NSZyi7SuSRL5Enba1Na	644
12Bc2cTEAszGsSJgsDBkkUMC7FJDWjKwFA	644
1BKqee4poM7D5fQ9w8KCSgwwR8vphHE9XH	644
1HmKgrGK26ERQo4xintNpcVGWySfXcgWqH	644
1HTUDteJp5huNCAACkfGEaWGNDTCtU2yHe	644
39keyBeA6bkrNyf74WjaNT2EGVF4S2vpF7	644
bc1qrt96ywd5aaf0pn93l9gmjmue0tk6ypfch5q9py	644
bc1qt0f32pj6n2cwxxxuff3aq9g4ddmlh29qvu6wg2	644
1A5euYDqzy5hoFjdheugMCQ67ZvEKiuFNQ	644
15mtR3Bxt7EJ1oaVRDX6ZKHjF6PdCvGFGu	644
1N6HjZF7NCZUqizXt15DzSc547z8oKHwui	644
bc1qgsk3ln45p27tfapu0ntyennurqzgld3mc62drk	644
1J2vyRqenyuxeZDtDvS6huaVdEbKPZFD1g	644
1KM63KodPZFRYsZ2F3VGxDxSncXy6yEStd	644
1EqDmuBUvz9DkyRj3CJj8pBB4c1GUHM6tE	644
15nXGTNk25bnPyNuvWpjFknTPmLjgffzGF	644
1EcvqwtcVdp6e5Fpo5MbdsMnXBnLe7VPw6	644
1J9K92zhqRMnjQaWG6yuAi5WTfPHzs1vm9	644
1HoXvmXayTQNtwkoymNcs7Q9KsJyRddjbz	644
1NozMEWudXUrWWHVkAdwCJvhEkZutTv5YB	644
bc1qxdcznzw5el7xry3tpphca5v0g4t6xumw69m7c0	644
1FaHcniES3jzKiozQcQXS7g7wzcCuCSt6r	644
bc1qylc5n3dntr77mz0ad9dy0rqc3xuv2n8xl6crzf	644
1Ay8PcA4Nr1XR5zR5u9wZ9rwcGfh9ZMfvP	644
bc1qssv2yr6ztz9tt8gam8majmfpgtcqcx4ukuz044	644
16cAmheS4oc2uqWXQ6g2ypyN3kZVfVh49C	644
1Cu7djfzu9y2ehPsQ6UQPKv9qmFKatGb5o	644
1FV8fY5bti3Lu6aGZU1mzKX3VEsoK7xEnJ	644
17jjbjterTPWXN2d7hYKP2AzNhJsPM8yfG	644
1KsDaQPTgwNqA6PwJdsAog2SSyXUarkjfw	644
3Mv5yrFvWBLkMAgKqWj65Ern3Se8HiqUQo	644
1Yq84N5EKs2ByKPDiNKNNgAGKCUeUFdvg	644
1AYnV7E7SpeDZqxtB2xGhGYD7jVSwmzVHG	644
18ueZMVJwvXQGHf7XD6Ed74bHJ9Pyy5Z35	644
1qTf8ZLXzQ9EPa1KAWskRayvPaKJqTTJz	644
1DsiSCvZ7wgCWTVZ6En8SBk9RSMAKDZPV5	644
bc1qac865ff93xx4yarp5d9drtyg46levan2t0ku27	644
14DLs4xnQ2WAdSok9qbCfAJjKq99Wk6wWp	644
1LVn9G3Sz7rWZHSDrBX2tLeSkpXESgGcBu	644
bc1q7vpcyd5hwlxasrzpkj2nn73eec7fcdqu36nn3s	644
1JYQEieXzezR4koQAZ6stMUi5mWnBnd5R7	644
19VHUa3CfaEgYuF5u5rtsuegJVnmxzw5nR	644
1ChGs4TwhehQGUrCvJGgXntFypFRbmYXB5	644
bc1q04q4ewcz93zcld9gdudqx5sp2sv4tguw2uh6d8	644
1MUJmZQMEZ2v3k7zxiSid3Pa2XtKsC8bRe	644
13B1BoQaWbx7Dv1wxcrctGcTiFycPbnsp5	644
bc1q2jgf90fsk2yr64wrtl42qgszf02w0uv2sfvcqs	644
1CS3TWTBkMxBdDxyUbu6T7wit98vYHQPTM	644
1Ay889PaWDY7FqyJpDr981R6jNsm73Qao7	644
1NE2cfdmCvxgk3bJLAY1g4rS5DurezKDwo	644
bc1qu56ftlpdzufxfdtzq87j3g9fc7tu4zddd547ge	644
1JjcDy71tso3bCJZLgS5BPmP3dVkPcJYnX	644
1GFvcY2LUoNLCYV9FoSFowZpHehcCjdYPC	644
1FVAwLUfZSc9HuJAE4bsTB4ZYGfHG6LoM8	644
1PTVSjYFF9hgJDuAHTS5Qt93TW3EMeLRBt	644
12QdMK6t7bCauEB49JpPNdHjgdkryjthBP	644
bc1q9ev4xym46khlra8mg5jj6ndetumx2xrzh29euy	644
383N6bTyspnKKzrNPzVQM8V7HLfdHtom5e	644
1LFus5gbhH4SZaiCp3v9KngkVY5eetM9Ef	644
bc1qntxkw66vuln29kyezcszal25hdvtz6q299vfkk	644
198rhGwevAEXockKhTXTtVcEhRF8frbPj	644
bc1qd9zd3skzjk7hskewf4hams85kwmp36zjw7umq4	644
344hJhfQJyQiPDndGsajxToHcAHmYHveo4	644
1EadYum9aZzMtAQZj71oxV9sfUi4idTPfv	644
1KR6cDZLMkHGTZfrxvThZJNBD5XLdtvnHz	644
1CoqKfXuE9RxqPpzgjR8QjxaFxMQv6WGPf	644
17WTxs2cuDEASTGAx6BJJ1VmfSYNGACkGj	644
1QBDRRcK2rf6SZ2FWPfNBHneCaqsvRbsP7	644
1PCYQwM27nYjCCn6kDd2mT7vNYka5hRaWZ	644
1GE7wzKeweAsYi9RJrwEEPjKs3xWse4aGs	644
1tyjQkiU7Gez1oK6qYNv8teefk4TreXuA	644
12AQwnp5Bzgn1527twD7f3ggvkxXwWuL5a	644
bc1q4qyftlrgp8lmgxg966hyxt9r9fgs87rmvv9phj	644
16J4kVxKYz4k1TPPoxJkgoUoxW4V2ynP5B	644
1DsGwDdCzV6miZPmoBMvWpLcwKNR4j7Jbu	644
1LzcyvfpZWJejysnHQRN9kkTB68PEQGtGc	644
13VLAeXZASvyuYAaHjNozDjZxjsRvBiiXZ	644
bc1qkyv8tuue0p40qt8gmv4mvwymhavknhnnj7zwhe	644
139ayasWALUHsEM32s1rsrKeZ3xTN8FkRx	644
bc1q23tmn2g6fzjrqqgqzqzjxssdpj68erpg26p5as	644
1LPd9yV52yzfPmmRgECWQVR5wAUkXrvQz1	644
bc1qlqfmzh2tfuqklm8t046n9mps9ff45f25pa6kmz	644
1vkhqQYzvqDBq8QcqJHcFxuSabpNX22oD	644
13WW1U1Qq3d5ceJGk6oYQCTuPMw31MA877	644
bc1qjsyn3ntm8mzh85qtnealvle49vj7wgn0ecz9ka	644
1FUkXRVawv6XwwWk1cE7SCQgZosVqv3axi	644
15eD5NrFrCnmHjatJCqibeo3PC3s5Go6Zp	644
bc1qzhedyknymrq55ql339knqct6h479unjf2g6ywe	644
1GYS9zKJbxXqxmK6Z9R2xd33ECD3q9iMw5	644
18GbrsmoiaJyw7DEDNwyorEzZehqtt6tf1	644
16omuMkDceikiminQBQmm2XP7RBzzkk95G	644
16UwSoB9Lri9xfxx4SUp626J1RxnWe3NMz	644
159UL21nD27PrTqKJohz7zKAc9r3MHtt6Q	644
19QicGjVRCRgJy7vGYEPyN9bz9gVL5S19S	644
18JCh6rF125wWFwhVy5VPmHuwECEa631gb	644
169a3NxgavsmihbJi8hc5Up98Gxf7q38dn	644
1PBvKAkesjkWhNoLQeZcLncEY6KZQ8gagz	644
1EzvZKvGQuKc55ep42a1CkMLDA4BpqatkH	644
1LN55nvFuww3RDLrYHLPfqhet29usoP3yX	644
1FrNDvzUmrccsfy5m32iBpt8AGm1Gp4LHY	644
1MbqMDZwZki9YvQftZBgjr9yfA1ZM9aTEr	644
1Lryevnzz7nmetW1fSJrSSSbrYKSJTkVxM	644
1B4NzsB3fStYBRxyDNeoSJH5EuYtv2RABi	644
1PzrwvH2BB1nTnNHFvLYbxB2k6JLNF5tha	644
1LR1TNdb5X1tvTmcKVeLJRTaSSZE61QRyU	644
bc1q23fsvy5dc8t3jhp62xtsms0unac72qtlje8n3s	644
bc1q4zw3c2v4mvq9hzd6ssgc5xdq87y6wcvft7pckm	644
bc1q2exklgpvc4ss0c5qkwwx9w4rvqngc0a7w3k5ge	644
15ECktSxB6p1345Ay5ejpWdTGaoBmre6rb	644
1NVnESmNiNo13tD6vcuYkSUZGYFncsZEfG	644
bc1q7ncg76wuhv5zr8vxa8z94rhlyunnxjx8w5297n	644
1FLQWtX62yZDcubALZhykMC2mG6zyHrrMW	644
bc1qwnjx3sr3d9gnylsmu40w6lpc9hf9hwwymfsujw	644
1MQ33ENsHfhaoPf8oKsu86MKDjzEsaVocH	644
1DYij5q3FwiMCDZxiLya5HfPC34zYoQpuM	644
1JdzBGqB2nyw5tMtAhKR3S5ko22taQQcuG	644
1PJFdgibpCyzvoPbzzpkacVqYa6YdDagaW	644
1A6xkK8BqUhtmgqETSYwjfVt8jPfFAaVcA	644
bc1qtv4fl63lk95fwr8k9dq2cn4l53wyetd6egdw8v	644
16SdFVknLizt7XUYCS69Gn2qTECXkgKYXo	644
19qQypSWGoLdBQnY6gkph535mMyy3cG1e9	644
1NDPv26PVaDab2CQ9HJyrjyHDDjYdqgRHQ	644
bc1qr40ctw4p9ps3mlv2fd6qzq7ucmd5ghlz0j360v	644
1NaZPtij9dtViyHunvZKXqb1XvSpCMDcZ1	644
3D3uvd3zr5t6bSuLrRurg5TGWcejXCQ6Ts	644
1EmqzQVUjcS5bAAqDpsQHNKr8pshV8vkhU	644
12DpcwuqkAR5fii8ziPzMnuLCoTcWZAxiJ	644
1HzQxirr5D6kn64QsGZ5o3YmMwcenAqUGv	644
1FFCr9xDpPHddktgyw9McigzfxpSPKVSGV	644
1EtzfEEdFK8nGqrNf2SmLj9QRaVbkbrBai	644
1Q623Hm9j6uU8sZx2L8eqrJXKUbvwoJ1tU	644
1KzTd4Cg83uT8igXsJyxJ95YwKQEHjhbPi	644
1Bit5HANE7onkLyLzRVMsRQE5taxBk2D8K	644
17FipoQVM4Sai8mh1fB5sm63tiBQBgoRJN	644
1Mo4hgahmeNHqbLsX8n6K3ZMqXen3fwxv6	644
bc1q5pqkgnsysqurgs9c3lvfxfmc9dmcexsxmax3jn	644
13pevYw3JcegauWsRDxpcH5vRzoxCtwgFv	644
bc1q4p8pgwqhw5xdqfxfz2u8ymayjd3a5z7aspf809	644
35Nd3q5RoZZhRChmSmZaJ2AjzvJxZEng7y	644
14QmL7jcT5MWF1uLpAW744qjYBmD2tHeJG	644
1K6JuKBu3PmZQQeVFs7UD2h2zoQFbDaJnR	644
bc1qczp4h9t4ratzkuqfxcvgch9qwv27kgrmhqjluz	644
1CX4pfUoTcRLuUru59eAcDJCLf31Xd46Xb	644
1GtoUaPGeFU8TbD9BKAUtq6rrMesidoVmF	644
1A1oEYecWaYhjRsEAWpAnEwPs6fPtwmnfF	644
19bpB1CpLoDgT9xto9HyHKiytgvX7mJisX	644
1GG2fkhV9XFsWzqT8XyNfPULDF18WRgRX7	644
148KmGvbGy7YA83ronF7n4uGomqy8T2ZVN	644
1ELZgcGwB7wwafWpocPeCcWQLuPQYDzfoF	644
19bvkThKeX6kNLKb1TU4SsB8Gag1QFe41h	644
1KmqCf1qTPhNUX8SAwdKLLiD9TDdMSNWJU	644
bc1qzqz7cucmdu8h0ckp5fytkkegq8v45zdkl0sxlq	644
1Fu3GZBRxxWoZvw75QhaitY8NS3XkWM9GM	644
15VUbk9mnnwPctrPYubimFgZcvLkgEukCY	644
1P3idb3nD6hSp1WNJXkUS88bpkkxTEmeLm	644
1NwGLmC8LpzChqzCoHGKR6YohV9z6qu6vV	644
bc1pczvzds3erntdjl5fk3hpyaj775097nrwrsmvuryx084sx2affwxsvwf58k	644
16FJdZERWWQvACf2CdCtNk7YxCpSjaMZ1D	644
12VX7PWNhdvj7DyQgUwsS4gF6czoVuvri8	644
bc1qgq7fkw4jndztmzxpltll768lu2304h8dfna8ch	644
bc1qq7j9ztlrgj38qdnfql59qqxjj4z87ekyfyfh0r	644
1Mufsu77yV6JRhX9BUbhxQQi8PNZfhmngk	644
37nJjpXhxrsqH238s8wNhgsBKebBNkh8ph	644
bc1qf4mfnxywc4ctmze4rr0ggn6uep5c4tyegw0wa2	644
bc1ql82qe3q9jrzfev6krqcm328kpfdf30ga7c9xdt	644
13vmQMaCJdmqLDdacvYvV6ezbkh5d868XR	644
bc1qfkrfwwlt04x3q82w7l9k6x72fx0a63wrrez5ux	644
bc1q3h9sldqej4hdcs6dp866y6fcn5ll7npyy697e8	644
15PMyWAio7EaNCqwURhsrKmWEUMnwK9ppw	644
14u6cX3budHaw8rMgesGMcWw5GZhFwh7ZD	644
1G1XyhEYnTTBXuj6bk8TpcbAYGYMm3YbQ	644
1NUwo4Y16zD2WY95VKXUuHq4n587tQsrX1	644
1AiGjjdEcQhZmxqi2LwXSKF8SHhvc2MzxJ	644
1Gfm6QKskM65YWuvP6Drj2sdq8cxqRdeJq	644
bc1qv9crs22j4vxplt8jfmaduzapnhavs28v20xlm8	644
1MorWLscoTFfoGjfBN2tm2cdQwuKfvEiGK	644
16fnkgi988kFoTMsfKq5nYfQu9iMVRSA2Y	644
bc1qqwjxdr5h0zyvjw0q9gkgmsvxulppcw72mw03uz	644
1HixmNVKyEuSE6HRG2Pn78v4958VnmFNtr	644
18MXB9G2j7XP2V6M8HuQUddPz2aD5f6uEH	644
1KqS7gF5mdbjxhZnPT7fRVjVp4xyc4Fmit	644
37AtzW6NzfmSdxjHCaAPoFXdBg5wP9rVZV	644
33WtUpuQStvKF2ePEfDcNvGpj3WPhYykgZ	644
1D8ACHAGunTrLupq19wxytvcYn4CSPWiUg	644
1CDLDo4FiPzXgEHgQG5BLioM6YEL9tjRxs	644
17R7oCM8Un2HbFxDQQN4wWvPEBa8t2cQ6q	644
192ot37Lrpg37gZEWmuL972ZPhwgSqqVwg	644
bc1qrj24a89hdxfq4m0h6vx3j8stkjvcyljg8c5vx4	644
16sJnNBqi4Uw2pkwCwhcwiYoyPWqr55ibn	644
1Dp6uEZY5A6pvZGeL4FzQXgjKkAXefSdat	644
1MBgxctWqDrVHRdouz8J3yC234K1jEVFS8	644
13Z4DMLPg6i6wFuyETSBnxGhkPDkDrJpaR	644
17en4aojhXEKTgNxiXg85KFWJHVz3FTtY6	644
1M6mqcjmd7xypw3LAABWUvjLwyFfuBv8eA	644
1KtkXKz8LFv55a3NnftB5GKgBNThnRTiLc	644
1CCED39Q731WHbo3VYG8vBVtPWMS8ySJGB	644
12akP7VvfhSESX86gJhoh1Ec4jCCZXShPu	644
1PYNJz2VDqMuZE7XURtvVoWJ64DBsgWqYm	644
1GjgLvTscQN8RkS82eDN1qWkKJhRRZBRSi	644
18C6kgy3aVHRA2nycXk9cgJXwgDy4Y8JDK	644
12RKJvMtHEDuR5JdVszv2bpis5nzdMoYdV	644
1GiSM9SkmvZq3tdsA3yNReNTZZsaYwG1f7	644
1PrgEzGbWuehrV8UgDrWqptgDQfkxdVHMC	644
12uSADCDy2LBXTJzrAGaS42h7mFiHLdjB6	644
1GWJ1Bsaw3e87UtGRKJDuyumiQefVbif1q	644
bc1q0wtnzlgzzpl6nq3l4nh3llxccx7w4k2u7pcg0x	644
13TEZPfobghdhi9bPJLYhqeKtEEi7SxiNK	644
14bV362NSA2DvC5k7HyJaYqEfHrJz2Z8C1	644
1EQMUNZ1W55gDMNhvJt1bxZSAQedNMGXH	644
1EGqeVdFMgrjwrYCyF1fvQ6h8BUTZeAGqT	644
13dLZbUm6SqBUmNtVz7fnfiMspWp5pxZ1a	644
1Lqzud3tULZRLcFHRDeVzp6ZsQKnyDehdQ	644
1GYW6mPPD9UTNa9yQobhoRVdjnt1LKomK4	644
bc1q5qnzqz9w83quj7z0rc8slfqt5pqj4dq5m6vzck	644
1APNMumPznuVowQoPBXNy5AFcBJ7rJZLu	644
1F9SC35kc3ggJtfgAbT4qW5cQZ4NwUrjyG	644
16vU1zA7zTgRsrqX8pZ9P6QMF7LjfkVxhg	644
bc1q9p9dz68t9w2awampmrcad924jhyvd7z0fryjq2	644
bc1q9kyjrzqp0vq5ttmkzzyy0rd9983fq3jn7wfev5	644
bc1qkzsywlfkmjxmwd36a7zgpcm5j50l88h03xy223	644
1P8voNAy3G6dnUB14Ati6CYA9Kthavo5jL	644
1HdYqVqdug6nWoAhNzczqDRvoh2uyHvpKg	644
bc1q8sjwmlr5e0nsqsclhhjtack6xr4976mw7u3a8t	644
1E1EJWKyN6KQgpWYXfWGTYMNDCesU4URi1	644
1AuMgxTbYE44GuysQRmv46j4tmcEinBPMD	644
bc1qtylhegwfeta0pkh4mus4rjkpqg82n6rpjd2y5a	644
1MgG3iheSDWzjxLgvhcLJ7RLbu5YcbbVuz	644
1Mu5qtojCo6SrbcyoDZMCi9w4RPDi2nsaG	644
38g79SoNmD6zwPPoYx1TP98HyvfzQnwozx	644
156iYPvTZBWgTPi4M3hHLjaaFR92etP9iL	644
14mfZU27kxAsj6qHcR9HonoDSwVutF5pD3	644
bc1qrrmjt6cm5xuwhnfrfx64ytw98amm76wm0zzcvt	644
1FvpKA5LAVYWsD2x1Hm13rZz42xzSdGYi8	644
bc1q95mvwwk86y3u9kj0kxykp604e574pe0ta3c5p7	644
1XQQKJugJHPvAeFrQrKsgbnQsjW4MvLtJ	644
1DB9cFcEwzAfYvXe99VSPhiuRsGdJKNMWE	644
1JTVEpT6wc1Z3AXa5dNvVepUFHN5HXXF2d	644
1CVJhQPuG9NQD5RFzUw73JietM6nErn6nG	644
1AdJueMSgs2NpTcWJdro45cCRmjJ3SqSPy	644
17eHEK1g1zioNZ3YQ4fJqT6gZBpaNTSXGA	644
31hRfSoxN4wPuYaQL8tZox6gRXNuGntab8	644
125Csiujmmbaa9KZmCHvNKs5HeKteC24A4	644
1MyUyXBvJvpLr7zKQzTkqCb3PtBdzLcQ4s	644
1B6QbJzpcDp7KY6WwgDqMww2xFqZD34qM1	644
1BhXnDmCNgEKJGCiEN4HFZhQCdrqE2DhkP	644
1Cm4rGQzPxDDVSUPRmQ6NUvhhqVBQRdQnZ	644
1NNsb5GVUHPrjwQgtWzPUpBRh5VLSXPihU	644
1NZeLa44XadGe91YYnSRgJDudiT2SJ3dBt	644
1NhkJwJpyf3mFs2w8La2rpnCWfQw5yfrRM	644
1KDUkzjB4CpmdkpyLTtV7sqaf8AJTrg4By	644
1KsTmFy1TskVuJ47AZz5z7W5EkGctFEJ3s	644
1F8Sw5MvpnuSHhJ3gzndQuSWm2keu7s2EC	644
1G2JJjA3GqSafdr5zvfMH748ubChYadB3u	644
bc1qgdyyrhudtwnnamtft78t7nlyku5ye9kl63rzeq	644
122gdMCLxKwANiv5q7PXyKYc1M3ZxrBimm	644
1ADHGiPV9QFDKMsRDp7p4jRR5fBAgPQThc	644
1NUVmdRjc3ZoMZ3xGx572N6jpbd9x7ATx9	644
16ajCPhMLhYNBRKhqo79K2EyTgSDWrAzkg	644
14skGhp7ZF56C2iaVQNzY3d8BiApg54R8N	644
16cQcoWfAXEGsdxruun7zi9vMfJgLkA78j	644
16zoZLJU3KTK8jY81cXdtTbydZCM5XnxxR	644
1ND8DiXqkVseHbmVgUfiAMCytFkUFUn9mz	644
16sz9AGHfNSpGhGaS1SGivkLpk9C5ed2Uf	644
bc1qezfpzpkev7g7k55yaglcpsun4ffylaqgrzdkvz	644
bc1qjwezl5xx7m9s9m9qlg5p6rqs7mla9u82h3fsq3	644
136VRZSv9udvY1WGcnwUYDdq4QVjV9CcEC	644
19nbm9ETpNGaRivRmqg4FpSoGwf9oPtJSR	644
1DsEKGPgxHP6EbY19pv4d6JhpJLUsLiySj	644
189yBPakLQqTbntStEB4DsUZLt57JLNsmd	644
bc1qhvjcydfn5edr9w99pfnu54vfzj8kp5jzyl54ck	644
1Ja1AKd9omKVN8BD45zfjiiXXu3Mn2FhRV	644
3QuitUyC5zHiBw2TbBtzY3mRxGKMAUv9GW	644
bc1qynaxthhlt0lf9pdv640twnq648zrjeejzf72uy	644
19fPj2qWoKt4gnm1RYk24hUe7tvyxeiwSi	644
3GUnwJx7djhbwXH9oE1cfkDVJ75fk5QDNL	644
1MvAyAhg1EEepc3b7riKuMQruCNzSp5Cp1	644
16VzjZE4e7D7mAmGU8aUXCXPsgKpZdxXS	644
1NpES3ownrdWxuTurMERFb3y36YnqbnmMo	644
15srH1TAMYafDMNPQjsA53QqMKzi6Qfprb	644
12EsPu25fCSBx1nwzLqpD1zCCLXGvvYNmw	644
1DffaAWxSynf7fXz7uCNCfbULeUwuqmRkD	644
16VtHSVwnvbJXHs41jACv84xxrdCDaafvv	644
1E4zYBwfoPLdDEs7tA9vuit5afibUU2BeH	644
18D5KaeGdDcpNqczgqtNBrUkooKr3iigGm	644
bc1qdwcyxu6pcz9gne78gn7h88vfw8q6qgj60sh7en	644
1AMJ1kyUepzpqNcCDxT2d9y4KAgXUkFP2w	644
bc1q4wjsghjn50vw36glkxr8kyl9k34cmjruajn8st	644
bc1q8lekckwsga708pl8gewehhzm0qcjqgaxmttgf9	644
145evpaAHQJYMiu8UFET2z3PBUtenMX9K7	644
1Na5Uhe2XA3ccwjzT9Wuo33R1NuAuBQR7K	644
bc1q05v4pkszwc44krhznyjtn2ljnqdzs4n6j6d229	644
bc1q2649937u3ncyp637l5z49zyuc9nsq45r7a05lf	644
14uWPDSRKd1mtsk2LUJy4DAZEXpwJU1hsF	644
bc1qql2gl2vqv79g2jamjpddywtg8l60xwrpxlhvaz	644
1E7jFDb8fLyftu77UxJLMyNDxa95BTpA25	644
bc1qnar2pefm2jq22qx7lz67sgw7v26czqdem7cv7j	644
1DNZSb3KoCuh9kvoC1qXpkJefbAp8798jZ	644
bc1q88qh3tfsuprhrs3mz7dx3l7wxys3rmkvx723a6	644
1491qAj9pXtmBvvy6jUX66sHULtQxRVrGG	644
bc1qmmrmwlx5eewfyzj2hhepm2s6phgvgpxddltrvw	644
1GueZaaoe3ZYqjbPAPgJDk3xc2FuK55mgZ	644
1KKkU8zgZQqVDz31QEDFFe1DAXLFNHBbsF	644
bc1qpzzpdf0n2juxjch0y2m8ag2ht0s0d50763av4d	644
bc1qp7q602ql48eys4xtsfx7g98kuhdjqq75c0u8ga	644
1FNWyRKwBraYFKrRJLbKca7jyY14z5YaC1	644
1HRYuLaTN2JSgWa4L5kVoJVHKdz9Yu5cYg	644
1AG5anhYVQtDF7XJGuw2zurKd4RTrPKAcT	644
32hZdc2iPLt7M9Q2LjauZgFaFhVb99huVi	644
1LC52zmkYUcZndrUgJSoGmwRgL9M4V2Wn5	644
12CVtYZbaacFXYRXBt5goAJLs3AZ31huod	644
1CbpC2u5U6yRpVncv3eBEwEhWXpUoJenkV	644
37zXcbMTtAEyRtbm83c3KrsTJRDx3nayu2	644
1CecfHX1YVobS7s3XGLXAR5h5jXtFFL3ni	644
1GxSUKSgckzNWfRTYpxWgZR7CfHSg7MooJ	644
3P3L5jxxBF1JuJu4SocHykE9mJ4veHFvPk	644
1BQXttSPoSTp7NAHDetA9cbatU5hqdcKkk	644
bc1qj5stxknl36vg0nkhj7cgj2f7wxsty44gxkvn2v	644
1E4K4z5tMkE6V3WhzJRFbuJTyh58k9bGZM	644
1BAqAsnifaJsbZSNvKdDFFuaUBbySJwnkX	644
bc1q87vdw5h5ttgxly5njvmjecc6rsylla6qv2cd9u	644
1HHtarkHqkm5onFLWGQ8RbsMcsEcETJxRk	644
1GHB5wHoroh65M1GUt9jm8urbETJKufkF	644
bc1qs5unvuut7kdka7nreqlez2ateh3g8qqk9xhv85	644
1FvfZCPL9mND238FUhjzpqdFm242ZEkmAW	644
1ALyinLu75YZ3uoM9zegKqKy6zUyArLjP3	644
18AqCBE2E9QL8iHWFcf85PZxEpscJqc3V6	644
13tvC2BNyvhtKc3aQ26HVQUjDgZViC3j8G	644
1CLT1bkbNiujWMcKaNQob3cw57wePigvWy	644
1GXEhmWcopw8GKZbxvWJWwN1bQiqFWS3ni	644
14xHLoRYZZFkCquXwofHG2u4T9Xb6GM9vm	644
18PHRV1pJzYvgRmj3nWuA3QxCwCvwoXeVA	644
17oAEUWrjQD2YywDnCwy1SLYMRrMpxBrH4	644
1PtHaE9VRV9TGsghmotAgfijzArimAiS6b	644
1MJBMTP1a2DQFHazb7WJRBZsHEGScSQWP7	644
13m6sFf93VXF3JZZ8NQjrwsCkxLJzdzHK6	644
15EVcYD4SXuwvkHViGxc1jfitG5y7KAthn	644
14A2xU3Y9Yupo4peqyuhv2MWi8XfqBJ5vB	644
13PXRcZfy4ZmS9G6p4wqtnmibZyGSGwGUr	644
1D7zirZPMjnTbn7Yv3dU83r2x4hvNYneWH	644
12M35b8uN4tvgH2WE65ir8HbCG2B4443Mh	644
1MZpnJv1WrG2xKoEZm2V6La2ec2BFVWf7i	644
178UnipQAZmjP9gX63vLXDvaZKre1Fqb2r	644
1EJKPKkcUNvURCzEz6r9hXZppmDJCpAf2Y	644
1PJYs8pGe85JecfPh52sN4igsrRY5c9zmF	644
bc1qe6e0fqpquaetqq6x55swfeqn33exnlru4exrgk	644
1EQGJoTw7rVV6wd6yNZrXoqfbCjkYePQ5q	644
1FSY9rEVsnRMBcRnbgdK7B3jYCHBVcEwg2	644
1JwJ3NxFG6KYmsogJoeYcFF373W3WRprUQ	644
bc1qhd40s4gmy9t5dka7pnys7j7s4gsfrs7k9mphq2	644
1K5xR8oFQmdfHsW9EdTzF5WXAbofBry5ML	644
1KCmhACu1DkF9oaUH8HnBK3j2DVhwzXWk5	644
bc1qzzmhhdtckq70c0st6nvpshha9z2kumfdsaumw0	644
bc1qsq045c3n4surgnut8he6dfp3lemhtjgmcdune4	644
bc1qpc4kyuvrqrk7yt5amgmu6d4qep248rrke7sqyh	644
1BZY11RQ4XLu9Ew4yRrjvrwJnNbF4xLt41	644
1PuJzcZLPHSTNeae81GpCWR8Z3n5ZTCx3	644
1AA2A5mdfw4Ty4XEsRkn5xQD9FHkk48Tbn	644
1G4KqD7Bww6e63ygGgbpd6Gq1KF6p4UND7	644
15czNS9K4E4Zr156i5hfGkNGurJtXhBDXu	644
1KK3c1TyPau4D5j7m1N8jpW6hFy6bR43f8	644
13UJejLn6oLdWP4VLHb3c79jFJNQZTzFB8	644
bc1qujh44xr7g3wjwk3hsfqqvj7mpn3cnhz7jjnuz2	644
1P6yEPtHK3nfW1iZGSbNXVDoQxXW5mSMwi	644
bc1qjrpy26h2tpa05l9v4vchxmnxqv55hky0s2mwnn	644
1KZnpps5sGJsbpMbM5EkXxWnixzRofVkHR	644
14ZTDXVJZdMxKAX6YqWZwSykgw3kD9756b	644
1Bqwjt4CfwDYvVimNJLvEtHfCqMPdcksAa	644
1HJmFws2Ya54DbuRECv2BAvbHojAiyPmAc	644
12sNoahtuzy6by94rZEYxEZqeH58bJMCWf	644
16Fit5668tR2iNxttHwga7taE7xmdF11wE	644
12f44FKrc2HT57zvGPDigUrAA8EnFfCHfa	644
1EtR5su8o7wg8uaDW7aoHJYhow5YxgfX9X	644
1KV4cS2Q2LA6ubLbk7tiKTrbbGHiUh4Xuw	644
bc1qqy9q9pfma7kp89r8zmlyw94jwc4v0thg06l663kj3vdrft33z48s3v7q4e	644
1KxNm5bR7H7xzxEAnyJCo2MwydKRcU7Mgd	644
bc1qj8fzfrl3afgtvs9j088nnfzrfzmewqvy07x0fc	644
17sXsgA1RC7yUXPGzWEv62LwQreTB5Eciz	644
1M6vW5jk1R26hLeYgKYCvurH2acT83LeaB	644
35Gv56JEBPrm87VDPsMiVhBKgRXi2wuvvE	644
1KFnTV7YoZ9xUy5XYrqTCNRDhVh9YfUMgM	644
1JYvL8riQEC7DPM1DLftYZsy9vJedCZLr4	644
15FS5VxKdJ87ADyKn5W5wnA2zJiKN1G7Q8	644
1Fa5mMzc49PSWPU6MciRoUyhEp16m1UH89	644
1822FovKbnf65SBvMRTqj1bZSFJUghf7W8	644
1Q5c3avccpNwqfnQqEMHmZAbWtU7cHix9u	644
1HL1zMtogKnesbit9DAuN5mB8DkjjutPsF	644
12qNnXmF1TUedJBQhy264SeqQG7Q1kvSih	644
1CWQ9j9qBc6bJ3yM2cDSpixByfmrfrEwVM	644
1MEhZ5oMxbpW8GxftfZnEnH6DpAcb8gA59	644
18Wk5jZJhmbqs4H3FKmUbVshBXvj9GYRNj	644
bc1qwujp3t7ggjtej443cr9u2gqwt5p0spgu78jggy	644
1CyJHBGbjkD3P8YcLdFdXtnoY6P8wmM1Wc	644
1H1cxHB6cjxEcMW1mAYVMsvxBN2YR7dTVX	644
165xndue2SKchTx4oqPgkdn5ZTHiqRKMYa	644
1EZ4GMfJMpSgtLBHY8sB1XakGr62thfJjz	644
1DWssNWwHTRAdtKg5FftAYc3R6eoTgt48U	644
15sz65k5DRNdJQDe5fmP11zxfQPLBdzphu	644
1AooFdjGsbtHHptFVZepNx86e6yHxN8JK9	644
13KxU7tXCJcqzkNkmMjA3AHqnuxp9Y8FPB	644
1FpUHAoTr8QQg5zZfur2sUmam8Zqtb7kPd	644
1Gp5hAY1xbvewPRRrcraENgm7WAz21k6qP	644
1BBXHNA79VGWciBXYjBP759qBYQopw4L5C	644
16KePzMuG9S92wrCPVDEbF4114NTa3CVGA	644
19HRYeCSp3pQoUa67MhRsWtZv8SaR4W7ge	644
bc1qfu6x364qchl8uc2c33p2lyg22vyj3k2cjtwxah	644
bc1q35htp2e25qcjy4uts2t065d46gwsr2hgwkc40a	644
1KqBewvmo2eCkopUBWTjYLHCNNoU4Fnjtz	644
1CWtBZf21hudxjEvSQE4cX3LqHq7YBbwz5	644
bc1qwrr8kvj2puelsql3dunf4zyqrm3utv6xx6gwck	644
bc1qlgxt5j4fxjhen9wk5fpkpgyrv74vqch5rtjpq6	644
14ukAU62jXEfQ6xK1c7ivfEZckffMaS8Rj	644
16JprvicecrgCfyB4Va5SSsxgk62Mhyqqz	644
19kyc8xL9PdTEaZcdPyAvcojTeCyBMWpLB	644
1P6wWFZ9AtFasRHhRhGEqVnUPEwNNSGDPM	644
bc1qsk3emj09dem58mkk3qp9um86m8hgz3q29cr3s8	644
19L7X9Fmqk3cMV851iCzvWCeoLmJXGYevp	644
1C3Vhrfa7s5kAgk3UhjTHgdGoy8PE1s2mX	644
18pBrwCh8XNSkKC2ZNJse7YwjXNsHrvPnN	644
16CeFjTDHRBLpstj3RDs5mpsQLbk9gSby3	644
bc1qllexjf0jt96us73c903v625nwwa6km4cj5p8su	644
bc1qfmk438g5e8wlpuctp9uh000srd63jysjkdjj6s	644
19aCf3cyiYQB66rwY3QNiwmH4hkf25Uawa	644
1KMqFLLBghEssyAg8rs3y5eJaKQ8rZrzhk	644
17UCzu2NeJcnZeBLZWrtWSCVKsJXi3eNHZ	644
bc1q5a386llq9va3ya7rwxc78qhsnt26jndjpweqam	644
1JdAeJ3kGPCj7YwzQXzJ5Lggt4DeymZMnU	644
1MX96npnEc651aCifY5qSoTwWsYnTAABSt	644
12ceFJXgWxkVGuAbqcP8AwjYT8grkMFueL	644
133EZPxmcB7q6zmpoF1gGKhrsfGc5Li6wY	644
1EzQubnSE7xPLKhsbQz87xqQmwWQEPXWY5	644
18wWko1uYaLrEviNBzzYkZbfBCoHH91MYM	644
bc1qgkrrp02djtxwdfnhwn2jznd9ff849r5pgthw5t	644
18L9BQaygq5CViSZxX9bFhbemcLft6yWXg	644
1EHaxBnwPoANWJaxJGxgt4i1218XLHsgb6	644
bc1q0naq2tekfwf9pm562rxppkjmuxtjqlt8gp3etj	644
18ucBAc5h7MpBo44mPpt9YUBzCf47tGPg9	644
1PwJxaGZYMedaT9kMqzwGuoWETTiVUYM78	644
1Hg1PHehGVXVUCiEHqe1jFVNhFDpJhPvQz	644
1oZeUhQYsRq2vr6VemuJUw61P6mbTDTcV	644
bc1qczm3m4ewy24pfl937qfcfwrpxkzp3jhd9qsrqt	644
18WxVHZEecafgQvMLj8gPL3KgKAEYdyUCy	644
1GG2qvASpym2RxXuNdbA2k9NK7ELk3d6do	644
bc1q0cyvspaf4l9rhafu2evc56r4t66mps33yvxeum	644
1DLYCFomtzev3W7N5pE1VLr41Y7CHYbn8c	644
bc1q7dm9t3x54v20uvas2v275ceypruqn5zhskm0ty	644
14kZJEfobDSFNGH4eEdzfQvyTfgBB7TM6b	644
192qpmBZcAJ7KtFqL1DKDWjPjE1fn5jNms	644
17C6qqB5q4qKjFm21LvdBU2eoanpuxXprm	644
16VuywFZBLN7t6K1ce3sGXaaTGiF2uCsFh	644
bc1qkttjlx5sgzka6wehh9tr72h6vhjh9t5qyj9xcjassyq6lr5zzukqf4l4s4	644
bc1q4cas8r2ls9evt7a3ld79j96lm4d6auewuqk3mv	644
1LRKxxJcRqd4q1jAXMqfLk3RpBGYXib1ph	644
3BdkSpRjFN988a949w7URf3FzK5rYunhRe	644
13YSg6BhXzN2jKzXBDnjoGoqwanjUMr4W4	644
16abYupg8Y9oLgcv6m7DwpwvvsfnfEgJm4	644
1FbRS9hjLXZF6oU9i39PrTbvsZMug54Vz8	644
16rhKrEoJGEXpqEH6do9JM2uiMsLykW2Bi	644
bc1qjw3jfn0d38278gxpd7akkd0ntve938axpw8p4m	644
3KeWtDrPwm3dhWJVDZZUr13NQ4FReAnwMC	644
bc1q7jghqclp9274rq60mrlytgaqm3uvcv9ml02c98	644
bc1qnxnwuft2gsqcapgyck5ngukswt2y5pqdr5m20q	644
bc1q4v469r7522s7zv5nvv3jdqasgukyqgh0wndz43	644
bc1qnrtl9eh4glpx8urqt6mvekges2uzzul492nght	644
19PR8NbYLxPJTP9HY6Nxdi5oGKPNNdkPno	644
13Nys6VYfm7aAxpLKwMxpmGe6qexAgFARR	644
15hkUg6LSUi2MT4mobMrdkaoYaQwFY2Ewv	644
1Pr3BbodBGvQBCRrYeZsrRXuLRX8Rjxgs6	644
bc1qh02dp8n6jglq6j6hysffxpn8p49nvthq97x5m8	644
1BVJzmabgjJF4abV6YZ6L7XR1LfiNE6jgY	644
12NGhJw8URxgtexdjtQ5qAVJTeGbj8uuzR	644
15EhXzcRxgtfxNvVPUwYA221PVeMcYTuCz	644
bc1qft8ttnrsnackcmvtpya8nhjckk2l03c6hml8cd	644
bc1qzgzfucrr2t676dkzz0fnq52gels7wdsz7dyvw7	644
176h36zzxnKy4E7PSZgXZX46w4c4tN6og	644
18E1R5J9JLvFdcHhnaY9KvGgteDM68YUHP	644
1CoiA6fUS8i3DLeqxEs5R5dM6RRd9i3y2L	644
18TDy1TZYvxSogFQ55C1Aby2JCVLx4JGb7	644
bc1qj779ghvh0unn000v49rxrsxhyrumm5609k4v5u	644
1Bj6eQNnp5qfLptSq5SzAVjR5sZnMTExTx	644
1GazyvRh2ft2Uc5FuuTgcRW5HD3BmQZdJw	644
3FnpvvXoirYRJPYZbDBDwYEr7w3aLGVKSe	644
18bTFGuksn1XFF8Ur6ECAAheVHbG2Z48TQ	644
1Gwa5SXFjJ9UeeCShtWu4ju9B7uSTQwChh	644
1FU9KueoBxoPtJa6h7WRsaX9C3MFjMkm3i	644
bc1qhmc8ryu83u23zx538np4p5dvqc9xekl2w04gjh	644
bc1qet762wyw0wnjwxp538rq9mfw7hzjx09qw0geun	644
1NFb2rD5RcGCXW39e9iZ43iJSQtaVEUSzf	644
1P6nPUyPHidEoTwgB3phLHiD93JgQHNU4M	644
1NEwuGUgJ4WaHt8ohRRoJyDThGAs4mKSLi	644
1J96mXP96zqtitQzwfcsHpm7tJX6h7MPsm	644
1H7vF3GpFNaf46brufU32hUwFWEfNKrKAq	644
19bzFcEWcqQxh5XNLm9hcZFcmYi7TozfpN	644
1DNzBzxZmSAKqZQA3Xsk3sziTNu4UfRnHz	644
19GC67mFvKuzZ3Fjp2Ho4HjDxDZxDx2w9Z	644
bc1q3uzem2aw6helqgfqwr7gj4fcawx9wxw0e5w74j	644
17Kgytd9Gtnas77WcoTUKwLR2K3qFvQDk	644
bc1qa7uhtns0thgck90tlv0ws4ajnr8pufzy7nk3ye	644
16rTSdNLmhNvggvAYbUidzUopzRSrJCkcd	644
1huNuBNKTUbsPtzudP79RXBEfrALgxvju	644
1DydM5zVs5KjNM3GDSFyxxa32SLqbSsVE5	644
18QiUncWjrzusrqm195zcrxF8GYEEtxWob	644
1C5Dr6HNKsgLimpEb4aUKQpArmdrmFJUSa	644
bc1qkuwqh5k0xq8vtct356xthj7s29vul3ryf3qycy	644
1HaHXXWP5X96QpKeUvi28jhfJ6ckJVnAgH	644
1BdPYG32wcaVahTnnkQYbwGRz2bPkBdPyY	644
bc1qxe893wupra7vucvlwheujeklfm324d3d3pk6ks	644
1BZZFLfpFQGRhGu5v3QP2fXVz4HgnzgoFD	644
13Lgv8dazLuZjUpQ2W5yY6pr1i6mLHYuCN	644
1KoJazZRvHxiR6Vfdh5BTC74Cbk4enZ7sJ	644
bc1q8dqfjtd3w6qtcwvuz2sqtfd3qd6qhdkfp40ls6	644
14AHkHSc6facMRkHc5QRA9DuhqtyikXdg9	644
19ZoQGFYfCqMbU8r68DM3LCfDCiGMrWCjP	644
1FBD2dRrtDmGGiVN4z5U2vaemUZMU1YM5B	644
1L7UxoAQkG2vbYMZugEoVCe7qH2Ft5zJQK	644
17JvfBCN6auZ4R7bXVjFwah64q8WrkVPzn	644
3LGV42MtzFsGxKTh9du86bJ73BV4Vp4MiW	644
1Ajpxrq5vstb4Xg2P2Z9kbYH5Ea6t9sEb3	644
17VxwgHaQbMSMXPQjgiGERFxvDcHLgPSCa	644
1LwHHCUmsBGEiAJMHce6Gy5KDf9bzGNUb8	644
1GXwnDJndYpXGQQbkVA2R9DyanoGV6nf84	644
1E6JxFfMYDo4SLdfBcURibZ7NPneWUnu46	644
1DZVbUribK5Bdms2uVC4vAz6ieA8BaQnJU	644
bc1qgm39zq8aynex75258l66gnwv8fvtg70m4ytq2l	644
18HEbba7AqBSbqNcP7HNDVqYEFiiMfAkL	644
12KiTLHHeLv4EWLMFesXUiRYeba54WkAEq	644
15wtXU1bSpm9yiUNoARKKUrBkSuHFXE13c	644
19FTc5pbhzEyjK1wY1wRPzFp3yHoScYwWN	644
12K1BkcvkPrNLhrB4FKzxvL94SxiVQfCyy	644
1QC3MrSVsFhVVyso4WYYeejwSZ2sKcC8jH	644
bc1qw0z0xp5m537ttrdgclny5klc9x0a6439xwkjr4	644
16BEGVaheqBawYHiZNsceXrfTiGtQfqVU2	644
1HnU4MTyogznqtqQ6o9W2gsxGk8vQMdHVB	644
18pcoXDmYDwPg4hhcCqoWrkdtjbSosEVDH	644
1J4SRdEU7yQg5nG3cmV4aCS9AQXbXqHYE3	644
1MHwpfsxMQxCTrWdHbXnnoQ2A8VAEi5tUm	644
12Su4obB3vYS6S9rB9uo7Nr6BgmGiRVgma	644
bc1qpq8epkuwfugjkck3zjtv4lk6xp3dre42awck97	644
1BdnRMgWtD7gXzeVt12x2X5DtXK8Wht5oe	644
1DHbNpMWdj5pkYyEn8RDGLLAWqheQuFzdR	644
18rKL28r2mbA9UbEjWhpb7z4mA78jdwKDe	644
bc1qp3yhnu7kcfap0cpdepak0c88ws30z5km89fy4w	644
1KxbqZfeMpdB6yjJKvouGScejnHQLTAVEi	644
1aVJehisk9EVKgjDfdhxXBXJ3Cp6bzSMA	644
bc1q6ukdeuvjf7ezgzfpgg30fleuq752uc2g69s9sj	644
1GL4cSXm8ihsPqa9Zj5nsVenSFuXk9E9mZ	644
1ASH9YcHqXXVq7Y6ou4QxX1UDZDGCFDb68	644
1F7UFDN7BfSx4fp4rpd7WNXGYkp31MUBmx	644
1L9H3MQyY4vwiFTyLdRDiNtVxNL4GfGCjA	644
bc1qerfasf32tdez4slpgakfaksrht04da6zs94kns	644
bc1qtm26zsdnd7fd0uprtydr7gwr0are28ejkesa4w	644
1Fm8V6TwAQy6rkLGmCWWm7HS94hoP63BQR	644
bc1q9u4fsdp4eu20vz0r0dvzjprgr8ggjygyz2heew	644
1FyxTYrYrayknQu5Riajwr34WjZmEBff6S	644
1GJYvDkhDYevdJXA3QWfSxJFn97YhiybCt	644
1NifAiNfk6Ajpt2bH3dJJv5Ny9b8EGakXU	644
bc1qtad7a0j6zys92mqxptjhgpgxrem8p2yjc3jr9j	644
18gEhsPakvKMo6ebiBxUSNa3ZEshQbJo3R	644
1C4zy9mygFsnT1nc7iDBEs9WQ8dUFbTYQp	644
15buV8nEEBzgUzY98mjEcqCNxLvd45Frtj	644
1Pc9AHQvNoVLHLutW6oKh3Ydbsa5xqQ3h2	644
19qZaFcMF1898RzYnz8zt86pWinqnsKh7c	644
1Nofvf6mFdhcaZGJ1rWzRxf8kR1SxNMJK4	644
1J4nTB3N4vhTYMLPEyfpHwCW36ssBHhMUZ	644
bc1qaxaquq6hgr0je3n046n9k2h6vdju35sq8kmhu6	644
1A3BqhsSVg22v1ZaKggrqSaLJJkNCX42bc	644
32Bpfvzis2VrBqftDUQ8vVx1QLfSqygYfX	644
1Pcmsmu4oFbpiAMnut2hqrcjnyCQNdZQ8o	644
1MQL18hxNrt8v9SksyVKtFTBdoknWmS4Mu	644
bc1q32yrmhzdgler6azsruh5jjr77uqupf7s9j8gu2	644
1FaPT6QNmMdpZhMi3mPDJqnCYCQkTsr4ta	644
bc1qfpkmsftw26qhy0ac68hw5k7k85nyyyk84s5dm9	644
1PxKvKhLkMDe8BKeJazAiStJdxPfKcDC7A	644
17xZsKrzHBXk7CoWH8xqku5vdhxsjX4S97	644
18qDAyCwDQNLknXwZ7U4FN8hCEXPGEqZRM	644
19h4RV4bEneVN5LrYCHYXim8XYemkGoK2D	644
bc1qrxfthjxl8s07pgpycazfn2tdnp84wpc4nhlrsa	644
3GZBSXXZeJuFa1jkWGYzjJrqW6NaDwcpT4	644
18F1etwzzBA8goETnRpQZc3NFSQo4soLxT	644
1AMSwW3BpbpDDiUowcYpZtikQc9ngtE34s	644
1MHwBHxdFdqdroQw5qBJrf6TgAeHZW5EW6	644
1FdqCN5oi981TvsUzMwW3p9dGcVZTiJU5x	644
12a4XLpbuLNM2cUiaQ7Af5gXYJ8ULqLpzX	644
13tpQjDQu7Qqbp25ApCqEoY2FULiWskKHb	644
1HfVSDNbmqk6wQkaTkPwt1YQriovbZUqqg	644
bc1qwk23qdh729c365ajdlw5g9kr4eltcl2hwv4wda	644
bc1qam0xdhmtrc2ez4dc7jnyndygduvvv6crxyuqj5	644
1Hjyc8J4rcV6C93pbi4G2Y9aWiGADyLM9C	644
1J8XRXaUtLrXdTXrmbo2Empq1D2Cz4VUPR	644
1Nf3K27bhkcqsTRcYyGBuFQ1P8QxGCN7yS	644
3KGrqDbNiGWgCrKCwMHYVqTc8vpRnW82s8	644
bc1qyqu7j3y82m0l6dgwdsk9yljl74den3hhrzdt40	644
1H6pkE7w1USgUS5uXCFotwdqRPzNoHWCJW	644
174WTX4kNiQjZjZyeqmtJFrqi5ncdi7fDY	644
bc1qx0d9tgkejejx87uxmdq3g7nd5dhpldenglw9zw	644
1Ey8wz1SctgGPkGgGoVvbngQwReLFgy6vG	644
12c8d7d15bZX49CZxvNxSQTA6r5p7bYbyg	644
17zL5rBj1R3gkuhxUsG8bPPpJDrG82fZR7	644
17rr5Uxz4MLrqBFGYzbJVrseuGkFuUAGGb	644
1FSWg3EnusgLswcwFmU6dbYj6qXdmAeMHh	644
1EpRGbtnsoVNRnJXkUk6rWbKNizakhvt17	644
13ic5zqPForG6sehWyMxeqEWReoNx4SNS6	644
169vpVEqaSRiXKhBS9uc3kFvaeZr4z8ygM	644
1LhZx1uC9Zp2WnCdnhymC78QSbecVxwcRi	644
3PsaBjDF37RQyv7SqXL87gg6yRsXE4jLUr	644
13X5rPyhL7hMZ372djpUeXU7HGLFH6goGS	644
bc1qssgdlz799vlz8pxwud2ts0zafmvs5ggw2ee922	644
1Dx4ZXaoEfHb3YwYkVjQKmfWFiVEPaxcHs	644
1Caru1Ja194s7YZXNw91q9DtUiJU8pY2w2	644
bc1qw90mhjzfm80gns3s9ck276puv0r894yugcrqtp3ul26qgxpv4ehq6e8ypf	644
13tUjfVW6RTRmDoCZXFFWEgvFxk9k7Q5jh	644
1GdC5Ha7gMkhswYhnCiBTEwerdKWtPtsym	644
1LpPNMUnVWYtxyJAD6Tf7eu7F5dudckBa2	644
1FSYjxXposvDKvbUhGgeJEZUYmDmm3Ar6s	644
1LxXHG1tmmcp4gzkpUCHLk2M4mfqWkCPR9	644
bc1qjp8degg73sqelfxhtj2djepmq5ynmsp79wcwrt	644
1KfBciNWHMHPArCV3BhGNZiaLtR8z5whHY	644
1KPhrshCioZNzNFmcY4ffwRJRxZvn2WDew	644
17VJoynzXLbGuTu4AP4ybov8Ny9pcrUdk2	644
1FgyAzBQV8212BgckoGZAHC146yGvSHdCY	644
12HcUDnaJutEeo8G148jARrt1nLuDKfLMc	644
12PZpkZeSv9UAic5bYaKHeuWUAGuHNBt1o	644
1CCb9weQxbhNtcQ8kQDPi8q3VQrjE8R9qc	644
13DzLhJtTmiFMupBgAWQMWiCJCCHG2UybE	644
1ENG7CLhCHix92688K4LK3QDCtSpakr4JS	644
1KrLue3cki3xfePskTf9widDTkSppRe9NH	644
18FVTQPMAGSGvJQUV3htK6RxUEfnobpcaf	644
bc1qlq3tjv5z5p5nwvn8aghc8qwmmjd8t3vkzsdqpangzfwhacgw8wsq7857xj	644
1GVhjtBbJuRbKGEDBkhMDimo6RthmUevRe	644
1DXnBn3pVoRgj3jcX7rwfF96wAjKu1eAqH	644
1EqiiA28WLkJ42PPcFKLGRNatUNgMfQCfW	644
bc1qwazzfckhpga87l2nct35v5e02f8h9zvngqpd9m	644
17Pf5UKmfDMYawx92ZzcvSf6zKokqPPC77	644
1P5J27XmgafcLxjy1n5n1WD5cvDx7cksWP	644
12ep1WUSYwHkp4rpVNbvWJZmpsT4SuDb2W	644
1NghQ1d6e3Uy9KebT8SQHPJY5PnFxmV2n1	644
3Qd5Qt1xsTMpfoRjQGQLJxQCNcghLzdoe3	644
1BAiXLDNgauumShLbgKWUa9oZrGcMKRBRQ	644
145n6Zp7C26sSK3t5aTbQtAhgUnocu2jCb	644
bc1qht3vjg5ych3g6ssqsvpyk69cgq62udm5mtnpzr	644
12yErZaPwPJ1oFqs2gmiDtwFAeWfvxK5VB	644
13r1SUJQcmATLRwEZkpaxVkfmrQPmR2uxR	644
12J8HYmJTcukZDEhqXxXUZ8Wy6iUPpYgZk	644
33jCvHKyQiFd1VmoGXReRvgq23shH45wk5	644
1QEp4d48BxEYzNVVZAUaAUzPrfRo91Yf3z	644
13kP8VzyVTj8bRQAqnCMCArAkn9GugpvpM	644
13t1SNpnPzr9vit52D9KgNJEUq45dh27Tx	644
16Cwi3jRCKifQCpeJG393JSZmpsAqMiYhj	644
1MEvfpzZNfeJStkCVxv1ummFWEW7am4jp2	644
bc1qlut79vpe6tfvex6jh86d9tz93pm4swlz22ujz7	644
1QBdpqnsJBLPBkWjvg7amvttevpT8vCFFE	644
1129NW96p1umvYPAoqS9VDC72yHVNCLMMa	644
1DVqojKMSPVU6tLF1AqcHPnCw7uBoXJo5t	644
1GSjmhM9MFg3TnsrUUjvFQgiXGV6BucpJ1	644
bc1qu5ysxr0wph3t934uk66lf96qts5d85daj03wt0	644
1PwYCDMNJXPbRnk2zoeswxxigkNkVLvSZF	644
17KMknejGBq9SwTfB6qcoNC7X95PwiR2N7	644
1EtTbUp7yJXNmFTPRrVXYixBryYstnBUz4	644
bc1qkctv0gyw0rr7r0w2a0s6z248r8cexk0k8ktw8d	644
1MhPEUuue7QcceLKVEpp7o7ZKWkmLxHQdg	644
12MqqK7jzUNht3t3une1Dx7J7Gu6RqfEHQ	644
1FmgJTpZjWToBuWqJ5SgMQxUuocGJYzorq	644
1B95e58Hw7foBbb5JaHTXdh2TucU9rdzed	644
19E9seAQpEr6Xu5c2bGbhAUHQofHfvZwEG	644
1JdHYTBhDFt9R3isfXqrDh4cxjYnkKnpj	644
19NGuk3cSqE2xZNEGLQBX8CpurmknJynY7	644
12i6zfuWRyrafk4L46N3CSZQtbNwjThzLS	644
1K44JUcBBwSRjAg5zX7ac9zLVWe7KtN4af	644
15S7aKZgnTH1yAX2WYinetgp6fLprKZoY9	644
1MjE2GDh1obfrbwzL7sGhwKAHVtXbtEXnb	644
1KfsQRGxgLbU1WPav2iXPZxhejjWuGCvRh	644
1hFXdBQAJCnAiehbr3duk3wbmx35N36uB	644
1L16BMqfx893aZK97cuw1ohpd5r69kD6r9	644
3Nds14oNtqQbi2f46fNN8iW3939TqV3WUy	644
154t7aXfGCYano9JrHqzd6uXKyAwSTQvrX	644
1GMDZqdLUzh9iMfW8iCA2NQ5c5xnwHaFhr	644
1P9ffGgzEC2b1aqygJjE16w65rFJ4X79Tf	644
1EF71Z6YPwfCNYunAxhVzfovBkKNmJYaXh	644
bc1q8jhuyzahexjluxlc0xardmle2fd6m64keavyuq	644
1GHYqxBgEPYP164RjhADQpcgxeoAzxkfFk	644
1Cbe2M4MgfXAjazbHoC4cVYN2xs36vjbme	644
14NVPndhGWBQMqt8g2cAbc1nmxVeBgLHaV	644
1KrnWuYUbsR3wDUa5Eg2nJWhfRqWuRC5uW	644
1BeSbnaPDmdzU8ekjTcEe7roCHstLeTq8c	644
1LYPEdjMFzcHgRdgwJo71JKdAVQm3iisZz	644
3EqDfFyPDfhZncKe1rERQdPru6HYAyBCWP	644
14z5JhQvktCGK8wiDHpZpmcii5ccZr31ud	644
bc1qg2tt9cjcv0mhfnz8j8vzdcr849ysckkplmp6tt	644
393B28cwhkMgWo4WYYvHR9SQyaX2DvFhQU	644
1DptG8VfmT2NVaM8Kx2RqZqeT7RGCJf2y6	644
3MupTZAPmPPidyn12y2qaYyTibenbpm3AF	644
bc1q3ad3sx4t6h7raj0uy3w2y87cyetc3m9ztkuctq	644
bc1qrmsf9jxqyfnnaxqqj5at5erx7l9swwuej4a0t0	644
1Cjd5pUUqJNpxUAJPZbBVDbs9FyX396pjQ	644
bc1q3w5mnwrs6w0n6n20yjtffavnfw6hvwlfj5le39	644
1DpYUixur3VpMRrs2iY6bkdX2pqLzN5En8	644
12dx5M4eod8q963dfUcVQHDrux736TWeLV	644
1AUXnwTtjRBZesdzW4AsVNPjdYj6xyMsKT	644
1JrH3wyjRffq6oESMW9Hh31RULfNqAmmw8	644
1HrxEJmNjrNjqeLEUdJKY9y4xwLDTgSHo2	644
15iySP42RduA8bbpt3GnePPqrn2z7grFZL	644
18o1RuqpRCANFcjxQ7Z1tgCTeHgHcWozH1	644
bc1qy5ddg3us7n842fd6ymwr688yf7dpdxw8qkwzgn	644
11424t7cV9ULcVdR5weduKhguYxcmbHgKK	644
1FjDJfiZ1X85WjrmkJGr5yUm5AenoRzfQq	644
1A1JXwAYRswyvCwr3Ppot9fUoY7y4Lo2GE	644
19RS3ChVTupjW3Awvh5MWBjhqgr4QN2yTJ	644
1DtcCYuhUuHrcrQefM22GCWcTghuvR4QPK	644
1NXQ9g1hQvT55jcXShRfdqNmHcysSE4zem	644
1FACbLH8L3KnWFdYKZVWmrPP1BDU4CqRxm	644
1AUHpJeJsDtD1yn4Wm4GD8oN7PbPK8SW7y	644
bc1qakvk2tlmvs4l9yp4cunykvvjfyru9s7yj3rcmr	644
bc1qpsvau7v34lz8a3u44zhjnh0g9dncr4w8hxhcta	644
1PrnJqXVB75XWHwYvUNxX9ncTccizfGT1y	644
bc1q9stjv6cqrs0eqjx8dr6tqrulf5pqyqvlhzr35m	644
1MYSCC29g1j8jMgGpvsZhCjfqu3XHKTmqk	644
1CYeb2eJAdQR8NbAPWNDhTxoiPCDhqY8XR	644
bc1qk3mmxz7fdq7juavad33afhmlgsasuruarrhaup	644
35cC68YBG7g762dgU1hY7oJcZfKRpFkK8k	644
35jeiD9MdYrs5EDu6XBrKgGuHBuBPptT99	644
1EoMuEJQfHdhBArbUVwBkF6qYh26ukfrog	644
1BksCEhhzcwnmLXRfvCXWnMGfhUJpF9xzB	644
1CLTbSBEQ9D8WyaA9A3VSh2B9Tb9bMEZE1	644
18FGbcQTvaRqeYEtWmJfQXXVFU2yiTBDPz	644
16nH7u4LxDBLBQFLSugQpYCay5zRDeE54F	644
bc1qp5ddchdfrdcfvexx644e5z6xfhd5esqw9nxgra	644
17bxaTKEABgmF6oeZR9Qr4nUG2PQnGwvAg	644
bc1pv9hj7s5g46x4j2a8hc3lklv30rw8etjjr6kf2cf0m7sxy2slcqqs54m5yx	644
1MdubUorKjkbzhUopJMnqveoXvkMsV1xTj	644
19odjEBzd2bTAT7K1pP34mcZb8uxCB41Vs	644
1QLbKHT12KfUdDd692mWD1KS21gJL9eoJK	644
bc1qm2a9hqvw0df23t9z63gwwg9h52983e660gn9zs	644
bc1qlw6syzlgg4jtj7al56qw5je2gsh8qdjc2vpt73	644
1H8kvrA3eJk4j3m1yvRauhBykhsQUfmUdF	644
1LWHzu4rnfuXKhteUMpV26aBL2ngdXQVnz	644
bc1q2yum5u8n64g7mx0fl3qe2dgrx729c8vj94kd54	644
1DVhqzTfUQjBeQpWXnpKUUu33PzPPd3pKK	644
1BVZ9Jaucqob3hGZLKADecTtRZkdCCoHPw	644
193Mbh1fF9WxhqFTW4o7xwig8FGhweMHSa	644
bc1qkmy5wgt269cyg34kv2lwmprut37qan6ssn3v8x	644
1JF8yhb34ZW3qfYGA8g4kuKKQkfGpZwNkZ	644
bc1q9jgsa70zmel827ej2vjvk9elfthe7jmzz868fl	644
12hRy11MqH91aDx9mRbNyJ1RkJJkJTPH44	644
14U2hEDVYMUPFF2bYYUrhjFiVQQCfKDjCy	644
1B39wqkBYtctGbu6rwyot3uYTDDuu7J5Wt	644
1BmLHYsz6BRFiNjq2ji1hM5ycQu2Pce4kt	644
12EgHudV1Aqq9KvcqcfRudAcsJJKas5xr6	644
152HCmjqMVozrXDLryvoW7tZu919ju4sn6	644
1F9uJfTSCXTmSXUDsCV9qbVFUBmkArmLLw	644
3EfuUsCt7qCvs5SCvJS57nVcE2zra4WemB	644
1JQk2D7osnjc9nKeBjH4mudX4TLCfk25uo	644
1GsmCCBv6PBk6tW9HhM2rmSc2E78D15Z8U	644
bc1qle2gk7zk5pzj8dsza6pe50n6xs8gn2522fjt8g	644
bc1qxfvj89lgdxstrepgn52mjga52pwus2tmrvprxy	644
1AwnUpeTB9cN9m6h56R6fcgeuYTvCnEWgi	644
1Br4RbnDB83pGVFpwrbE1RNYX7wUThj5XH	644
181NW8iE8WtANa7WFxeYvPdj7ZSP2wVkW6	644
1FrZg7gPVaKVLwhXPtstAyuFQSyXJ3hSHC	644
bc1qrp63kjkl38a7mxu58nj7g0e9w42rj33u2qxdad	644
bc1qxc2d4xrl9eu3qcu25ffu6yc44s9dzcf9kvrwdh	644
15EmnvtTXf1povJFn36geAs8rGsPpmkypr	644
145AbsZB4QQbhkYmMc6FNFCvh5udQMXqfL	644
3EnXb3Er2csXx1yJd3WXPR4uTQCwcXuje4	644
3E9uiNhNZmPsTVhqydpBFXHwjyUawPgzCm	644
1N563wPRozvMmXrKjgLsQ2dniPCb8zAnKL	644
1P3tA7cpFA7HBnFa8B9ENoguvxLphrp1hB	644
1HqXCM6QmqYCjDkEVMXMiTWvuB6ADU8FQ5	644
1Li6BqNE5BteuZWzsXSWQqcHDMMkHZBLbi	644
bc1q8mjdxc3rqyd3szy0nxgxf007u6ul5k0nu28ljp	644
1FggipoFFD8XNDT5xJ39WCQsxi5fzCcvCE	644
1LT9KEmZg3GCuNsr5BHWpHqAxnfsYPEYJT	644
bc1qccka5h29syzue9psetjhxgjljwgz6t7jnf0tsx	644
bc1qq73nxj769w2lkk70k4mmnru8rmhasegnt3jzxj	644
1JCHJRDAng9ApsSWYiCNc4aUJpXuJr5qvC	644
1PG4VhvLkNUpv4nNbwf9TSbQWZv9QKKbg4	644
bc1qfr4dn8gu26eed2evaaztw4375sff68qgj5c5s6	644
bc1qysy6c20dep20tpfn80k8v9vfhtq9lvyngrffez	644
bc1qc00sptmhj57c0e2kskuphx653vj0g906p225vh	644
bc1q4lj8qmvhl0t3qqys6ural954sxfr9v76lqtnte	644
bc1qhmxxtjscadn57marx53xmk3mn9ycjwdfs4twnj	644
1DeHf1728FyJW5qZ974vTXs5MkXnPpafyE	644
1GvBKeBs4jMK2uuA8jzxuVkABAJ3sWL9Ua	644
1LLMeRUxKqz1GvC3P6yT2jBzjuvL9SXLFE	644
1LqnfZRzQ7ZfzdrgezH3prALnaeBbxpWzS	644
1Py7g8sxvxef4RuLMCEjkc7ptDGFCDj2BN	644
1LqD3ApmWwVtmGdxiLcVbmjiogTgJiBiJD	644
1BNAuPQ8RUxHwkrDhLLGgLQMHXhj4y8Wdc	644
12D9nZqBu2mAjd41b32EfHNq3gEmp1rKyx	644
1GkJVKTSY1dMMe72LwPz1CEbzrde68pCQj	644
1DR59ff3e12y8C7UA4YVyr3eFFMGHk2hHz	644
1LbgdfhERXBUcqaWj8U73EhFb3Bf2SphnF	644
1A15DJNkZrrFH7mrvaCLuDKJuZkERtRxYm	644
bc1qzltysumup0s9tyvxkh42q4g94tswgpftyh4e36	644
13hJXXB92oRMcmErnGwTqfP1HK6rzaCh6U	644
1Ah31aR7Ec4JZ84PjL9DwhNf3pDcAFEt8f	644
1M3xxgVQS3Y9mtK84uMBo7hZDXtGGK5dn8	644
17BiUU3j12d4j2H8rdz9uqBedTxNr7y8Qr	644
1CKf8gtg4ooANmWryjUcTRu9JZhJ8HHp6g	644
1H9xi9SgE2Qzy9U38BtkU5YVF7SrKJ7D7o	644
bc1q83dgceh9p5rjwkcy74fyqjwvxc7jyl2elcc3sv	644
15LQZ8LiWADEKoGGSuM5DZXFQ3935rgm5J	644
16QcxjaKiP5nkhkFGg8RYa8KYRnotz3CnT	644
1HuavaPRMWST37vKun6QVLGLcBzjY4QEBA	644
15bBG8k49wvj44YfmTndxYmVjrnxsgcbu9	644
1KSdmajE3nDpyXY6hvs2U3o4rGA6ponSgC	644
1HLjfxREcUMJvdi6dy7yCXic2fGkJkZvie	644
15kS65MnvGFsUr24JQiBAUwbRYgjK67TS9	644
1NeFoAh5v9VtgwgpSfjyFWCgr7rQTHRejP	644
1Hhw2DuuC47H6KSjRpHfW9XmwkXuuzdvWU	644
1DNtqoBrik7KitRkMBrPYSRBiyMd7j6Qmp	644
1A9HxZMUcrKhrHoYaftMY4QKGKQuPnnyn5	644
1NSzvSGUikFf7vKfPXHz1Pnm1HdypPE4hu	644
13ZL2oYfTb65R8RvAjMFAx41xgoUD8yMpx	644
13grbNNcuejU8qCobbnA362KkBRUb75wzi	644
1KecTsCyfSjdzMyw4TSESJUhUYeEjRxFKD	644
1Cv6eTxmgv1RWTGJt8F6CnFy2yzX7dKCFT	644
bc1q2djeuls0gnqza9djylx8ma32jxkem440qxa2k4	644
17peQvqi5niqtss6HQPTrgVt7k2DEDKUDk	644
1MJBpTyv3HuUDT6sHuvBenyohaKXMvnqcb	644
1C5889dSD1uNsUz4avhC2avH3kwbxjzoBP	644
12P44FutZT34Apyyz6FHzBt3whNjcA15XZ	644
bc1q03vxestf5f5ddez3n5zlyhlzpt4zm6x0ksw2p5	643
1GommkpEUKMfzDFDrQpym5dBDpNjPiKKKE	643
12926L5z3sTURMmH17hiWxZfH7eT1AGMdk	643
bc1q430wlmx5gqqqz3tufufkwq3cfz70d9630ncw0g	643
1N8uYHEmeF2zsKmFWbVoE7JaMzyxux8pdZ	643
1GzWvXiG6dnebhPeiNXwwmG2CqEDWCZgdC	643
17YvTgz8rJFUdoSpkGhk8fKLCfSoH8hcCK	643
19MxePsUGbBCjE5y8ebx3WR7dCQG2dMsTe	643
3B9ej6aGtavuk2Ew7osUCnLExqAkD7ogLF	643
1Bx3YxyhNKYMLxbLBVZBwFqcAzZNe2Gz6R	643
bc1qen95m580u8nl6nwgdg25mgyc5nqk8kfndahpwa	643
1JA8bQm6zVEexex1Njgxp9PAAqX9UZUqp9	643
bc1qw3uukjdr4s3ymjchl8u5aun99hjfd6thtrltfm	643
177ydmYgsQX75VeoNPHhbLpbtnk4NQUrvg	643
bc1qk5ntefh6nlvp9nn44ple099wpya7hev3wy0m9p	643
134ggTbA5esB69NmVoJwVABg5VBQyCTRoL	643
bc1qtj904d9h5e5nw5mn0k6szvvlcapxeyrv53zpac	643
1ED12qFYFRMiCkguvKAYCQ8n48aLkJmeCA	643
bc1qqmjuayhamwvzfwj2gkxuqhkdncpvxlywfyu43r	643
1Aj6VB2CuM7mJ7xNnbkUiofAxRqqfHyarb	643
18m4nWFC3JQWDJNvsi1PoLqNxVoRt9vM4y	643
3MsxGDCu9aojpiEboUkePiB5Jxf1rkTVLx	643
bc1qern83futtklc458lx2l62s6sfxa0chgnm5ylyz	643
112f2JKf5AuwDvk7vVEUJuDMXt95kf3zKY	643
1ActNG9SASVrwd3ibdMDCAoZdPU6puGtL	643
bc1qnrwmhleaq2whplc47qz9g825lcnfgl6tp3zyaz	643
16zbfiEgkPQgEmjset951bf9acgpxE9K1D	643
38o8Z3TbEkQC9LRq1jSkLxNre1s5gWqFyU	643
bc1qmspmg7etgg6zmawtvunznsdl3y0h6smjywyxdj	643
bc1qmjxsc95vn2zfvlc0c060k7k0rdxx2lfje9cvng	643
1A3UmnxnpbrZbSLB4q3b7k9cwyyDZAK9Tq	643
14TScUyy9GMFQ3MVBywr7cetNM4DSJ34fD	643
bc1q9jlxrkskh2yuh9uuwyaq036tdt6k6jmwhp4va3	643
17ctqcXK8LTJtFxdHgQTMEBC8UFbyJCKu2	643
1KeUwTmA3F7yB3tw4xAjHoVKP5Z5THP91L	643
bc1qle68pjsjk37jhmr32rz2qnlxu0x6nl66gw3t6r	643
1DgvfVsg2PE3wtLn2kRaWX6CDtQ2CV3moY	643
18Wgjbpcvb9pxhwmK9uiANiBJ9zeRtGpVE	643
19285pyrrzhZU37ay55p3xzaL3cJZhqQP	643
1M4GV7Hwk5VDRhckL8b5aDu6wHNMeK9m8V	643
1MmU4RZ2FpVdGg7xGELM3dxhyNsmYkx1AJ	643
1KA8znDka3kFY7iYiM8B84MuVUcuQ8TuMV	643
1PjgW4DA9YdPPNRw2q3UJ9YEajokZned1J	643
1JwMgEnnjM5rdhwKrVLn891rcRGYUgy69m	643
bc1qy7d58hkygsgf04w9ummt88qqdt9eq6v4803spm	643
bc1qwds7qrmwyltmqvqckjkwvjpyaf90g7uns2fz0h	643
14kvJvVkUViHF7mP7DK1sDzhgQ7vJMefPc	643
16iDmGwGHwZXHpPypXPmeMDWLaUxF2KkpQ	643
113j6rv2NvUdFgt7xAoftRztvy9zvoKk4c	643
16FEs8WGgGggEn8LYCB1mggzg5dKDDe15n	643
13dXwZdBPfNYLmGft2Wyt6wh1kBhidb4qs	643
bc1qgjfkdg8hhwxkcww7f9cayc4nwtxfmmaqulxceq	643
12Nz9YRjhDZMacarhgKqVzYYuAwPxr5GUk	643
12osihoUuvdej5onsk83kTCgajVLgoqh92	643
bc1qapgn2qwuuyygf32vy8lsz2jze6kctn4pq9wswr	643
bc1qzsw5uf6a65jpsrzjl3pptjxws6m7ugnk84f880	643
1euwxPjJ1v1fb5cBQhunTD2EnB6V1sLZC	643
13qbbvyEyCFtuKaNyGgZshozQgtEeuoPDm	643
1EnnwvkQZzytzCwgN2edWa7uxXbsUs9X9K	643
36Nw85EMdvgKUzNv9bMqqbLV2umAkmPrPH	643
1A912Uj6z5vYfCWSe2Vv6S8mWwb6SgQakY	643
1KNnM3syxzWBoRpgxLcR4mTNw1b72L4Uj2	643
1CgUBDJE6mtQCDs6RG177H7WyyBFi2KxLW	643
1DFqqyrXZWpcpKkjL7NjSMtpidh546hiDq	643
1BnW3xb9zEujjjNGRyeVnn2GcUpZrbRDrM	643
bc1pt0yrjmjfc6wrx4m5c0ajyfw78e5dran70l6q5zws6m3qnydc86eqfadskm	643
1DPP1RusKQRn1mATPRFthujPZKSLEEbYUc	643
bc1qcmqdunkgezlxud8fupeg7x2snfs3mz82hat7ry	643
1GnWPeu5r6AFsKdXofW4orSReqrwzVtGob	643
1AzeVdyJnxHpafh7Qko4rgXaobSMUNrxSv	643
19XzDBtujrh7XqNaakietSyBtHAghX6F9U	643
1AhLrqPstYyor8Vn7Ff4AEFhnXoE8i14sz	643
15hLmbi3atEXCof6PgXgD7gVP66wTAfwnz	643
1HKuzmpaLFsenWUpDxfESvpViuya57CFeQ	643
14Thk9VkJGkSmJYzBi3GHqBvwi7DNxbXCu	643
1qfZc97Hs6UnKgMH5cddX67EP87uVEZzK	643
12KWsaPZLG3cwsHAcZyLEJ5gLXc2rvQYLv	643
1D8BHCEXcSySzV9tcHbRiwqXNFecz9MWKh	643
1CqCeQPCgQdsJ7MMYHKQxdA6WJCzACyehG	643
bc1q9f55xhj7m07ct2szuamwgshmhmzahnnaj7l2w7fg7msx2dkdk37s6anju6	643
bc1qwxgd9qhu7wmtn6m4yqjxr8lzxljxtk6fahelt9	643
1LUxJuVzaaT9UqWfmSA3TRCpR2Udvdxkfb	643
1NBiBoGCgp8HPQoD2GXszVec3TJBtLsXeH	643
bc1qjetp2k0wd7rjduqtk97vpxnlautyra7fxmurx0	643
13MCUVQiBuToVVTc4CWt89Cw9nLr12yd3Z	643
bc1qpcj8qj7c05ny6vd4pzpvhm8dh3mdspfzq5s50t5gnd870tujp2qq4uneuu	643
14G323sCsS3qVBQWHWazHTzaFd4yiXsnki	643
bc1q0dpj0yt7ra7ts2ayhlv6q6y2y6pxev4d6t8cj0	643
1Ha9YbMucKQ3DaMQweYqoTfQTXfU6cVSgs	643
bc1qgl69d79yvy4dfsmsg5ztg6jjwxtgknzncqsann	643
1AYWCLRigyt5hwVJA7fRWLJhWzmVSSv36y	643
bc1qnjg2zcprfedtz8wnw6jh45wmkzv2q8xw7st8ul	643
18nXfXG8Mjriu4JR5vEYoJUpvLBtYqjYsc	643
1KFAsVLZePwTLAg3bVgstYAjbjZaUA7yF7	643
15cWNy6z8XU7J6Lgre2jF3BFmYPuKKaBTk	643
1AawJA31Em3YxXsZbnosHrXW8TtF2FamHZ	643
17EDSzWmKxJ23ZncSazRfaiupSpWH5ePGv	643
37LKn8yn6MXihiDLu44PoCVxZkZJUKKTob	643
1W9mFc4wtsAJuoV5ev8BYyNWRbwZAsn35	643
bc1qlfpaxxqvrcdu2n75hveaewzgrushw8d3kkxz90	643
1JkrvwAiR9dJwFenXzUsHEFSWYJt5ZdeS5	643
1JyoiZx4Dmnz3MB59ttMCJuvW1T5FMbxou	643
13mSLnCCw4dNbQYzc1BvpyucFMFn2VF4EM	643
bc1q9v2qng4exfdd7dfmdhu2vcht7nn5vzl4dklmrd	643
16wjRVFJzsD5qquwQQ44wYpoDaBBsTb7Rb	643
1Mh9KTiWpkbaXajvgmD1SPR69MU2KNMeWh	643
1L61aVRJQ5SoFLxxpnSE4s2DXXJg5s92CP	643
14V1idtEDtWcahPx5cv2sLbSgoCxHfTbme	643
bc1qm6rt6kfe94lz80re3sle6m6z6mlaastcwjkaz9	643
bc1qkgacry6k966kx45gm3eaem47ltg9dwpvg0tj7j	643
1Erg9dqwaXuVnEBzG5RGZAbMRK4xRCkL2A	643
1B2eKrvH5fm2MjuoapcocQbn4uxNFMnwHA	643
bc1q45j0xfzjnespfh6crgghjh323a89au733mj73l	643
1FDQt1AZHduMFSHbWtYKrAVpGuxKZFk7bP	643
16EXeTThjGLbBKA45S7LeNFCjV4yg4ZMNY	643
13mKkqmA6TA3tBJLRoNQTQ8gDxT74spzhx	643
1AAdve7aYFueE9evw8G45cmXQBcSSgpU4P	643
15W1zAgTiNDUwEVQtqdbHEuSUEcBC7rrs7	643
3DpwnfGDwfmDk3uoGHfxnmtnAtkKM6zcFa	643
1JrPmAJZpU9Mrcat2w48ZR8TvD24ArkAXb	643
bc1qe8h04t8tyje23j4gvkh6y9x7tgd3hv05hx2j8v	643
1F5Y6c3DyQeyHW2J4CnHqPAYmwL66AGHSX	643
bc1qp587hfdmnqdyxup6u4xumk4yzh2qlpvkpsp2n8	643
1jPLYLnxGvacGSZiDfttUwvfcftShsxbb	643
bc1qf9qjf9nvykrlfv27p37h0ftr75yc7n7j7z4aez	643
1BdRnS7AtXy8kdk5QNekjrc55XwonowiFG	643
3KrXxifErCAi3CZ811YNnSQHJx2NdugfuE	643
bc1qch82hra79euyemk77f78tf33wxqkxw3m0akxj5	643
1C4WUgzHGG9i16xDRTwEGsQQambSWdsqAn	643
14sjj3uFnF7zLELjRFVnAopkoUK69HMXDK	643
1GGNvAima1uvM7mNQ7cqXJHrusWyYnjLwa	643
bc1qca5kgfzlmadmpk4fkuds42pqsadhasw0jpuwdw	643
bc1qp6hyc44sl3rk9trvagt7dqfml3v29xway56ycw	643
bc1q8ymde86vf3cwt5fveen7xa23qs8y92my868vp6	643
bc1q88rl3er7pjma8fyf3qf0fp4emzf7cjde9unf9x	643
1L1f3YKypFwH1MmonbkptxjsdvWNMsStm1	643
13qv3N4wvRc5WKdypuMEyJCxJr65swyNAc	643
14erEPey6b5KTwSHGAY8mpm7vkf1L7Ei58	643
1C4RqiJixZ58duGXfH9kiAVSVe3hQdazPx	643
bc1qwckxv78r5hnhlru8rkdn593skqkv2ht323w0jz	643
bc1qnjesypuxsknmug88pxuflvd8vzv5yerak9xdye	643
1PcPfF5RDZ7VM8L9DjwfrVdzThtyRrCwvo	643
1NsHX2nM4Sd3Ubz9kGA44hCFJm2ymT6qwc	643
bc1qaa7slmf3r2w3z98pwnmn92tef8sk4dxck4tw7p	643
15Zcyu33zXD26sa7bpkHxb7vrTqoetTwp8	643
bc1quneyztx3r9z3unflktcjuxfuq9904pj23s65te	643
bc1q68xuwn5fn8my9zuwr87d8jh2556n5xxpyv3j8t	643
17sCSyqUhA3yHiQW1AWNc5s2CoNLRm62DP	643
bc1qnvsnngs253apxrp8ppt9c8qgwl7urpc0njjrs2	643
1JWNDS6EgV1toFeo8XKdr1P9TU34ZDmVKD	643
bc1qj2jdu006p7x4aq5m55d8cs302hwdznds5p5zxe	643
1CFE6aLF2ZnC2gdqYEfzg9oc9mePMRuziu	643
bc1qcge8xxzdagnv6nk0r8zhd9z96e6cyfg0cy29ke	643
bc1qpthgukvwfgd40mkh00023eay5h2ue7wnyng8xu	643
bc1qx3rkh284uqyyndsfgdfu5rn37gk4kprfcfrglu	643
bc1q63zxx4g76tjk29t0qw33ulzgrewkrvrkzm0nrl	643
15KacQkoJVFhvCYL44HEXhpnLyN1zcqJnH	643
1P3jsbxgLoBhLbvwT2XBkxVwoT52itKfuG	643
13YdiSbetjCpPr1PGtTUSqdRBDMCdscQ94	643
bc1qhlsv7jf9jay42ffqmefn5qf7mld7vv2vweescp	643
1GU9v5mixd6R8TfVxM4rjsEQLoa9U17Y7Z	643
1GuCfaGwJqMMYSTUko6k2YF77WnFwELEcY	643
1Azj9skRyfmuwaqp9PLVfvm8dMmFY24aob	643
1A6KydhyxhmtqNbpTz6b7Ayg5EeyK3ZokD	643
bc1qla3vq725wxc3hk773pacn3wr577x02lr5nnzq8	643
14ZNjWM1ZSm2sW6k8WKJLe655t5oGUMeRV	643
bc1qq6azqmdq8way9vhaxjq62p36cdandewexpn7yc	643
bc1qqmg9wgzt40phtj4avwuaqepd0vyvd7n4kh6y5t	643
bc1qgxaznptt057erd78udh55ypqfryjkqdfh39mn4	643
1MSaaEwWWd5d4dNRxhJmoUi12K3Sd3Lbu3	643
bc1qcx7fdddzuvggnnr2kqmnapvrk600eprz4p2gy2	643
1KicG9NYcmZPBe7Rnm7AVhHbGbig1QC1Tx	643
1KUZbNyFMNjg7nS7fjzpPWFJhgLGF5JEiX	643
3Ki3dj5mvycULDayJFd8AEC9rcUwcfiQwc	643
bc1q92r8w5q4drqly2sp8sm4997j07uun6vhprugrp	643
1CxvS62reKk9egkEa3PzRLUhfymK1T6Aj6	643
bc1qrdkz6jhrswece5t9a3w69yyrszya26xts8fpan	643
1AjA7xzyg4MkSv4eA7XT6KUtnSZutPYssX	643
1CDWsin1N5upFmYgrE2eVaQgWM48cwQdix	643
1JZjrgiJwLF4UkboNr4zyc2PpKquPekHG8	643
14ovjDccZTXuea1EEnEPnvUN6ov1ps7mxn	643
1LrAEuKv14w7PanWWsfGpqUAhKJBRveWHt	643
34m4wczTN4yNNe6sGkCxzjhj6vamsi2PSE	643
bc1qhqm7lu7d0sd0xpjkkvqddd99t42lgtt698yk8q	643
12iYT97AdNZ24pM1d6gp2RvgZBn9pX6P9m	643
1LqmF2den6SUitXeQtGpAbphwefPFvAyp8	643
bc1qtrhqke4h9pn6fhylh99xn98rhup6lzhrqnkj7z	643
bc1qs8pnpye6h4p9sy7lestt96u4gs9ey63ts973c6	643
137otmn3WXB2BSpdxgWiDBfbL3rnhMS5Ex	643
bc1qhwu3ft5qyme096yh4ztmvpesd824ef0xqr4nz7	643
17AfooHmyeMM36L74YKeYdQFjty2gugMyk	643
bc1qrqn42c7wgtas2macnl9ex2unl77mh7asuusmtn	643
1LPWw3NEvBE5zkHv8w4uJevsfEdSL1bPhV	643
1HT7Y4VCBQvJGDvFh2ayzzsdGqttqDGGyA	643
bc1qpucketyxxq7c4gyvh8rrrx7wa7k0dck9vkt0fr	643
17Noiswxj7bthBn4E5p5drumtuaqyTUb8	643
1KcfARhAfJKRqCZViWFhkfDf4ArXybGmEJ	643
1KgiEkYNc2WvFA4BjHraNw1oBayoHaA8gx	643
bc1q0pfl8mrgmcd6cmlsf0sjqk5dtsdcrsl83d8g7f	643
1MHdodb84mHXNKzP5xa4j8B2gcqsUV5gqX	643
bc1qgdtkcra2k3s6k8h2qn2wrs7lpy25u6f2lmz06v	643
1NFEGUHLZHyCjohNLhkPpQN17kssGU5VFN	643
134HMmX4HJNTovVSyZTwxyfuiDBTPbr3Ge	643
1QDVpxPq4yy8eZdhpQE6jC1HC98TRHf3LE	643
1MYPkxfosRd91LihXBZarLsnwsffqkL9Hd	643
bc1qznaznvq7zhna82trh3fet5gfz2sckx42lutg88	643
1LxyQyvw3erHpVrdMrvWbFyL6EtfJfpKVF	643
bc1qzfwc0nu2vywe6te6e5yaw6kmk8jmp3erev86ed	643
bc1q26p32dlcackkufum6dfj9xsw94t8wc0pd3cg6f	643
1GRP8UGuK1cmWhsed8fiSM9S7syFJ9RF4m	643
1JmwDbwfXUVzUGX47Ux7ASF53fRmJQPdhX	643
12WchaAsLmuzw8SAK8V2R24KVoQF66oVYC	643
bc1q8fg24z5eh5nmhr4q9np7ekgmmwy6yphy059rzs	643
19V1dcTpRyuKJAKBUZ6Xd1EnorhJrKs9H9	643
13Yoisb5G82PUyaaxnpcg3s95Ymn9aceDF	643
bc1qfzz4qssuvhlj383cw8k66exnw50czdjzrym0u2	643
bc1qr2dc7skekz6tvym5crs8umedjj00mut6e5ruuv	643
1A16GwvDz7e8Qe5ZE49rUuVQBmsWeNZMGq	643
bc1p527akt6dwsvf7s0qhnxaqwpmukshvxcz6s0dn7n5myxvy2hc6p5q6kqpng	643
bc1q53dmqt7wvshsst7glnk9wnndt3jz3mqau34zqq	643
17dHUgdL59yTtbZoHZkPw6ofUCrqtXqYMF	643
1GCUY5bWArtSnxfpEhndZVjpY39jcpmust	643
bc1qg9pfx3kj8gndn358npvt4rtapruhffatrmnsrv	643
bc1q8za68dv9v0f7ykd65zyt56txa2667f63xd6qa4	643
1Mpar7PzP6Z9xX4hkPnVjLfinEir5jADUd	643
bc1qq64mecuzmxsqakqzf6lc7t043fgnvcnpasq6r5	643
3HAp3WD2KxEw2jvL1KKGN4TM8bTYsDeQ3A	643
1Ccvfd8N8KTpsBGoYnFpN88q9ME9sqeQEH	643
14bTjFPCfwHJJEUmeN1ZdtHjPFXnSuorpJ	643
14YSCfpRh617NMz88X7CWLNXuz7GqsiEmU	643
bc1q4k43jpjf5ye9glmq9s49tcvwxl9hhl9uw4fkvp	643
13VdNC67E91imSiBXorZ5rWYH9YHVpSvv7	643
bc1qh7rs50ugmm5fz0420xmc6pz9z9azhnh0389854	643
1Jmz7PYJLKnfUgua5PJS4AHNA4LHN7aPTG	643
18xKiprbQoDtDbHEcXWbwiwyexnKyNQann	643
bc1q5359gsduy2yzzlrw9xyf8rqj62jeyg9ffufvdl	643
1EuRZh9fk5UkjDMUe5cPungL83FhnzWoAf	643
144mLd29qWziH1Azu3HCtMD8xqKbdFKVrT	643
1JVkaq6rZ3oKW1tHaz7M8HtRBF4nk98BR3	643
15SffAaRdcGNGjUyapGwWbGG5JKN8tuHZ5	643
1D11Bstmse3t2x4eKadZVAx7vkEyoXzkTL	643
bc1q32zmhv3fnm74jac7gtu80350w5m6zsa48ff0rp	643
bc1qd320t7slvkt4qc266074gwqj835c3uyq4exwsp	643
bc1qfusgv2gqg69chdgzhraan2gepsdt4np90zjs99	643
bc1qt2xhelt8y85n35cu3ctnx2wt98f3y0jjkjelzq	643
17zufpMR9iqH5EXsNgzeZwsjieJ4ujGFSf	643
1ErL7iKYYxk6BNTGDr3vT8YCyRkmDDErX5	643
3Mu2RaMhq5BWyomDfXM1gUS9BN8wjfwnG9	643
352xm6BropnTZqf9AzGd3GUwj9JsYkkedJ	643
1CFpFqGago8mnR3kVQ46mThhHmf2vBQiYE	643
3Pqm5rs3zoePBet12o1G5aLY64JfoFjREp	643
1GBC6L3fvdMYWpibtdN9EhjWVRNkoRm1h1	643
1Br6KG6fbbownH66tYDQ4pZGN4fQpvjGut	643
1Q3DucPLCdLKRyP9PYhd2jnt8Ktgfmr8j6	643
152TuotLSZxVGn8CdZZ8Mg6Pi6vbNJFpyT	643
bc1q8ahle924rf29ekaru20krc4shwskkpaj8gese2	643
bc1qm42lenut2rrxmskk9cwcyf5gwnng5djtgcf4zu	643
1ByQJmcQ8W7goAaiGorv46rhrF9gzUNKDa	643
bc1qywennlssq3attxdy3c4emmxrqq73xccqzk47tv	643
bc1qa6aasfnevc2z62rkld2c3uq86avcksmky9f8hc	643
1FGBhQFXNftWHnyVVbCBmDXmxd9gTL7W7D	643
1NndoTqbzvaZYGsbEXhwdWY1yDRAJ9kfDt	643
12ShrxJE1DrUFr7h9x2W1rmGd1tGg9Eh8P	643
bc1qxjp3dzlkr5z8vg2fg989ptnhgg8rdyceq66dpl	643
1EML99JYUGTUWvo9qnWSRW42pb22Qqz4oN	643
1JcGmJtSYieKAtSE6fMZUkwzzYKRnLi7B8	643
bc1qeujnh98acp4pmynt58d60h9uq2flxlre64jj92	643
bc1qe5x40k9mq2ad65mdt05jkk7260t986zqjltz02	643
15SKNfjYqiCgeFPk48pkuTF182LDDvuQsC	643
bc1q5r03yqap55pfdalnxca8x0mvd034ezsdt53csz	643
1AWXupyCgYixCzXw1ZFiCkdkSzzB1wi6TL	643
141rYrgJ8cveg3FPbjsqin9owdz85pDyTU	643
1KmrDUMpfKWGn7CPwXm4M3Ryq7vNFBWYq	643
1PoCR2JHVbXNqfnQpwmtco5XMk811C8Eos	643
1KsiNJX6LuRRMm9LxXL1r9Wesz6kwsu53f	643
bc1qjl0twpkgpwadgvwmkf34x8kj0dmvu4lrfyw89y	643
1DQd7fb35Pb1eeTfo6kXrw2oZXUCZ6hQfv	643
bc1qlgjlq984tq5wnyawyqccz0cy02c6tlk6qyhryl	643
1D3VcFFNotrfdfYiztR8ySVbBc1ZY8FACs	643
3GZ5tssHYNprUUkFGPWqLUBNbo3GfrFvL5	643
123HYN5jBFHjiaQjGnQQkvwvSDNzAgk1Au	643
bc1qu2y2rh7acy2rgfalqxlwsqg7l6qhv4uhxstzq0	643
bc1qvnnx5z09khkm8ew6eq0dc8u2pt47dczr686t3c	643
bc1qx5vca4hdjxssr5xw2nnleqw06ncd4pqf2pjkzz	643
1Kd5G2fDgVW4dXxZryHBS8gtkoqwj6Lk7D	643
bc1q0u2yaltrmzumk7hffgaqrwevf08umnpgm8yt7p	643
1LaVGxDh5B73aGTeTS5RJyddi1mqCJgmVy	643
1GYHp7wjVXJCPvdRf85ZCs8yFSgf6UbZsd	643
196RNunuBPp3h3YF98zRnM8Jv9pwGdh1rV	643
1879jKBjWhhq4ud6PSu4hrG1JMchVtkF8j	643
1LJnXQMYkZnKVjjJEZPDhYqZb3DbNmezH2	643
1MgCBbze2bqXU6AdxSFonpBCgSDy4ynUCX	643
bc1qu0qjj4te5mr4w9juc9c6yfwtlrzxftjgz7xsqm	643
1MGX6qiJso8DhFNaVzVidA4EwfZgP8tPff	643
1L3gwBRuUQKwccjwrxVLzEPmfr9mQyprwP	643
16aefYeUfCk2UU2ucxKpxuXdHQfVjMu2Fz	643
bc1qaxvvqagt6ut2sck2mk7glzaaeqejqq3z677mz8	643
bc1qy24l85ug8gdyj4lq8lncd0v8fg2f6kvre8appa	643
19Q9fL73QMVpczccdd6tHerq4SA2V7meoa	643
bc1qfh27sjw60s63afpnujw3a4cs7g3tgvvzkjxdr8	643
1PDcnXoc1Deu2z4UAs9mKBWmh3E98FrSU5	643
13sLwyCLrinqo9Tt6FXL6aAftSsNh4qqG9	643
bc1qle6j9952xq5epwj6cyyscdx24gl6596nxgn05p	643
bc1qvqfcl7ajmvh8v3gt2y94j5323692jmz9meupfc	643
1P6tPZ4xQHwDXg1GVB7sguWEiPMbCSthQ8	643
bc1qvglslqvjuafh9d7e49h5zyxz3dpktmqpkwxjym	643
3ALVPKC67FxYkMSwC5z5toA6XXDMiqwdgf	643
bc1ql278hajevtc2l9ukpy3p2mlcr7drgux2ahqvz9	643
bc1qkhmua9e069lxw83ze9t2yg2qh4q2g0yje0wxzz	643
1HqzLPouhi7BUaYCsvbHLrqKhEFLwW21WB	643
1DLg7i2QQjXFC1kUoGrt6uQqGJ8ZR88qND	643
bc1qmg8l93ag8vyzca25uuj6huqgmqpmdg5xwrjkfe	643
bc1q8qmx4n5sc8ys85trdsfjz0053xx7dgd8pppqhf	643
bc1qpkx2j405zer6wc0yvhgtw750c348jk2qv62295	643
bc1qg32ft43klqr0mtwhvuwy07w02ur3xz64mw03zm	643
1NXLXQGU6fWFZszxfqNzcj4k75DWzg8SkC	643
19ceHSnSGYFcgyWKdCV3V756XT7VqBxSkL	643
bc1q5z4nhan5ey7hgw9fmjskfch4hzjz0fcpehx7a9	643
bc1qh6eu6han06dx37wugvk9x7ff9uayfv7rf7z6vn	643
1J82meXJDAQ1dYKwZLX2m663MdaP1JZuHB	643
1AYbshyMmMzrmqbEMiKdfnpgeVKUUrsv5B	643
18Pmga9gAsn9YsvQpxmGRKhnduHBS369UT	643
bc1q82wp5kzmmtnc7r3ghmxn7j76k8r0d056mzp4ee	643
bc1qfghqf360h7evry04le20v566ejxcp7e25j74f7	643
bc1qvpf0nsw4qhqk87n2h8yyffkt4yyt2c4yls48yx	643
13FNKEaQremo3dTWYmWveLxij8aUjHfP2v	643
19iqhPnUGdBu1H6zj93Lx5eL5zAy4AxkE1	643
1AEmgdLUYC8398FPKqk56S9mxWnWKCHseA	643
bc1qgz2w7fasah44zg55jsrnxnzspkysmtkpjm30f8	643
1KZzNFfhzfmnbpzArJqa7HqjJkPc2os63n	643
1KRDxkbyLAdt2gywYRmoCfGzT9tBkgaj1C	643
12NAFpAurYTJLzPst6XmJuey5LgoXGrdKx	643
1FxC7J34VCUjdTh3gLfaYYf8aaA9xHpfBZ	643
bc1q2gd6ypnnk4ahdhuxpmcru0044cs5vhsq2s95gq	643
1GmdoQU3dYS2Ci4ZswLMEKVTcUh2GXqm1F	643
1EBqAVy9tUCfCExPSuH5gQwszxWUeN5ZeJ	643
339DUfcvtDaArjotRh8EfEvNeY1m5ucwoc	643
18iD43qgiVyyGNuxbAg8sHKQJ9jpZ9xCUH	643
1EKjjPiGEzG5oqbsgpFNbFCKx1oRurrNtu	643
1CzVmH9gvgeVo8nry73WF5LuS9KQGbPveb	643
18mjuUBqLBS4B1wBcRGvakxLcC9VtRUyBK	643
1JXxghiCKCzEYUntZSBRXvy2pthEH9oMLC	643
13WLkW9yGWKGxMNg7V2kBzpz89bUGqrrE3	643
1PuBRavBmwLwftJNggZnfR3mFCGnQ8vPbv	643
1FHtQ4SZqZxSJrfxxWmEwwik7CzQRSy5yx	643
1238AeHhJQVV5ypwabb5xdnnWvJ16q1YMF	643
385Fzi6iD5BSZ2saE13GAXACAoE7bEb1Ti	643
1NcaNyLNSk8QAzrcE59YQ7ZDaph1L74XK7	643
13WmtrY7bQHPi5RZS9wtoGo3iBDzjktJ6Y	643
1327C4ceEv2qru7TgS179gH59YGmnr3vd7	643
14zzYtVR4RSCRnKpFMXjPXxhHuagHRyyna	643
bc1q7kx9chjtdx7cc6td0c8pykx3zsdlnkrfshl6y3	643
18idGT7kXwqmi6ykbqDcrquR353qWqu4JX	643
bc1q4vj8k9925q3c7qz7jnwwc8z82x26kn8lxq0wjk	643
bc1qfa9k8qk30tf06vfuq2auj853tqu2kxa0rafuss	643
1Pmo3as4Ymke3wGxaWvpTAiTzHpYEnVYx	643
3KedsLrMGggnPDRNPE4oJdu9fP25rYUgwF	643
12CkY54UVJ5h9revaGfbYr6Rv5cRMEViGv	643
13JC3gg8H5NNK72DgWmuVLCBSicHHaUGEe	643
1LKPVZzTEYxnjTo9VKL6JR5wJgWfHscesq	643
1LhQJ4EZ7dRNHXyuck7rYbvjDNX1Mdn6Ls	643
1F6YNRysVibw4EWiutH5Yvm5tRZxzLHo6C	643
bc1q3dlg6xa90ejlfayk5655etrrz3t9t8zszwgmdk	643
bc1qk6as5r497646uxfn7qlu7mcw27m072gedcgq6j	643
bc1qmdzzmagd2tydqwzejhxuyv7hvf8h727t4lpz4e	643
1LxtV3DoE6beUYFKSBRWfjMFZQHi97MGE6	643
1Hj9ANcuha8mLMaG8TBSkcdTZhiYT1PjYB	643
bc1qk05u7yqd5520j0p34qc59sjhvg3layylvrgumg	643
bc1qjww4t5sx4zrg72vqv7m4328s86mrng7lvv9532	643
1Pih9RWc7j7jQiBxJNCM8xy7WPWER3dgzK	643
bc1q624fxm0hmtu6p0hmhas8prg27rq2c3ud44q5g3	643
1GR9vkP18dYKRW1r54xivkgsYcHsW1mpyo	643
3LEURRRaZSYfsV7Nbceh5Y2DqzVvdyAN72	643
bc1q7p2trzt2pqxp4tnakdr094lxnyd7hqxwjhcprj	643
bc1qq435uqz6uh6t7h5wvqpglfmklqnt9tjnur2avz	643
bc1q5h9m4hdma2f467n2cvqawm6ym2dwapqpzwz9hz	643
bc1q2etmyd5v3sgh6f4lrt2at6q4fe0dsvzsk0n8es	643
1Q4Vf8PeDDc285GD3n1g3TPAaGq6nSEQm4	643
1H8Bg2tgguAkDrhhd5JMbtxSpdrEr6xUiF	643
1AxhzXkDjkc11rMwEvfAV2XfGtPzGGskHe	643
bc1qe46mzsghzsegejvu52eqs608c8863kqsn4zefx	643
1HLpJpdseiiA77zp5TUgQq2E9AvcHnghzt	643
1CxGSJQHoDAW6evTGqkQPhm469LP92JzUX	643
1Ei31R5FZXHPBcM37m7xPNmkHuaATZ2vaf	643
1GWK1GS3dtPhh5ZgNpkVnzxdGGmhkXjxCS	643
bc1qq2ncf7ke9vt7wvjppgljryeqhctxtnk989999u	643
bc1qhtxu3hqxdcxaekenr2qd3dp7z0j52taq4xwkt3	643
1G3gyxbSJa4SKGyY8G95sNUspdxB3kWbAy	643
122kM8jEefmbCs7cvFcreTxFuqk6bxeDQj	643
1F3Ark1Y7oq1fMWfxxLvgmqK2qpohcvmJ4	643
bc1qaffm5g59pmf8ksqms5vr5s899hnsvscp2v5anh	643
143qJcECcnGPokUwu1dRb5zkfh6q2fCrMQ	643
bc1qre0yeqprxm8d7dwze2dmjsdyee257awu5q8ev6	643
bc1qdlg6n265f0nrj6kaw6sad5swcqxj77usnjdnew	643
1E8Q7C5w56X7ekdJZxzFrAYyXDHjjHreQi	643
1LfBVgAqg39mH45QPKsbyUgdtFfqFtx96N	643
bc1qw5x5z8rl7cfm29fwc6p0t5amqkenmgf3wzk0j3	643
bc1q4vpzt5nfexsekru9cxhmmll7jmml02xzdfy7f6	643
bc1q8g75gqu8my4ktwh55d47ps8wjln3qz77f7yljj	643
19AmbPLJSj3APEPw3tAG1CWGKZtNjCsdw7	643
14QwLnLQtwMAciTdHXtYTkH72ddqf8Sa1j	643
bc1qltsl49mh3j5kc422ktp4yqg7qg004vftd5hw79	643
1HCxbo2fuaRS5E1Cr7bdXhSRU5nVQZb2EV	643
bc1ql9c66sk22hawjlh97n2qezpjunx2pz6tev88q5	643
1PJbtYkBc3HHgbMwZ4z724DaFmwYqRsATT	643
bc1q8p57et6rf49w9ppl8yxj57rhpwmu5pmp0nnz5m	643
18AUGRVS9NknVRQHmWhYRpXREhp7NmdzMJ	643
12CJ2WDCJGMyCWVAq13T75kZQsLCN5NJsD	643
19WR17WPWQeeVEcomb1T2bAWM86nvMB1Wf	643
1Locuu8NJZbrSYfZsZh5A8TRFv9oZBoKni	643
15XJr8ZyowtqnPrxwd8RJFhy2sEkmmvkyE	643
1G9kRgbBzN4W1o7uatoPb7eBk1Rv1GsywL	643
bc1qannypdz6h2zluucz3adjvksgtmn8u49w8y3xxx	643
1EZZKpMN7r78iDF1qnMqd17qC5tQ4ZBXnQ	643
1K2LfHiyazmUwoNuo23Ty8F6q5rTABXUYP	643
1Hm6SgpVqqYJZ9d5CJTYTZPZxFWo9sb6LF	643
18WDsyNkm1UBFQQXjpoWkDnWuu9nnvL8kD	643
19dgBfdcRk5rETEyesTtsixiv4MNFm4BrR	643
1P6cSnqULrPQPbxM8D4oHijZkV8JtzdbKv	643
3FeJbAqXyk3rHZ5CfRm5WkN7av5zqjRD5m	643
bc1qna4c4xqtnd473nuwr40gpsalaw7tsrcxavh2s2	643
1BDTRixUsEbje6rLvkjq5e25RiQrdey3Ju	643
1PAA7Xh9UzPNsssJkLFkFhgQSHFhwpZyzh	643
12eKged5iVk8YJyL8QemAaMJAnBrPvAV8h	643
1MYLWuhtAGNtXuAs4NKQ8psGEhcpeFWdZm	643
1Ec3ebrJzmAJmkesVALiuPNLC87rUmhcrd	643
1KrnEXQjRkWFrPKL2vg8hwFKYEJp9wpiJr	643
bc1q367sffclfgrzrhs8egx5vy7cjx6c5zljhqwjf7	643
17HqTCCqLC8AQe2DAy5HkWqr3Yxt5jkc7A	643
1LMcgmPMvD2Em1gPXqMNGcfyy8FW234rY4	643
17WkQBe1kH4ctQ5c5m2c8pLr1NXRvkKxhb	643
bc1qs5xx3nxe3592vchhern5r00d4s7xlt66ss2jku	643
1Dvf52qG97JcwjtjNsNZcNGs76bMxNKwEf	643
12eWa1v4zkJJMBjniCJKcsWvByuxJ83fBU	643
1FQwc5e6fwHBQV9Jsfi1ncVFLjk9HhPZ8M	643
37juF42N75bDywBnoqj5pkjGFGXtMkzUhX	643
bc1q33a83lj9sfzhwms8rtfxfmglu9zzafvyn0a8xz	643
17EdXqfa8BTD2weuy5ou13EADEFGj8fXgM	643
19GgM1b4Q32zwfugverF8LJBqkGp7XNHrW	643
1F8ENLHHkEQArqBkSoJi4XWzfzZV7oPHHe	643
bc1qyu7k6nff0j02305dxdnj04rmc26whwvmntrraz	643
12ypGWetG9J4roofJy3xwKHguAiNniUzuR	643
bc1q774erwjf8yh047v2glpur3hefqdpp8k99s3g47	643
bc1qxf7c6txmslc405trkec8k7dfu574tr44faamnu	643
142qqiwcY2uB92J3hbAMiWAcNbehD628fQ	643
15WptKubUzRjU1f5LoN7mY62nePxuoL31r	643
12NwPmff57VR5w6uYAaMez3C2Kvu38DwfR	643
3BvC5RgoGYANzKPGXVxg6ntrK7tL4NMX5L	643
bc1qgmkny44wuhc50arcqg0f2v56dup63lxrq9cg7e	643
1Br4ELWbczGgaXMyzVFfeXhzpjAwRFqGuZ	643
1MEt6qdkfo6nCyewo1ofYxLWgkMfS9yA5o	643
3BLitMsVbbHESQrTAE67NASATSv9KBZaGB	643
1vjSbYtZSo76oQ9qKr4xviuWVhP6UkibA	643
1FNP7zj4czTT5TgpbBJVteWc36sxSQGUrC	643
13o9o8auzW4W5dirPWZAT3HwBAsEBB3uMs	643
31o1oSus3yTSHJeiBpfPoEQW17uhdtqJ2j	643
bc1q9uhmegwh5kv77z55qu4d29dckglvtr5mgcxyla	643
bc1qmfm8wm46d4084t69h8kvyw58y44rluxxnasyc3	643
1JQPtdkwM6BC3nHqorxWi8fQ95vuwYaw7H	643
16Q8mJGKJKz61AtFXH26mkL5Lwv9vKreRg	643
1FpaZ4kaN3ZknJW3rLqeAokXQ2Mrz5kfxg	643
13mBgQs1A4zrA7CRvZauySZrT291SqxsGq	643
12L8ffHUTVHk4FZY88LLycBoJ1DVTmJVzt	643
bc1q6trefkhxgl8s93rnvggamjf4hlz0jdjafeldx9	643
3JwfL3pGuEd8xeyNMM8KDVnPAdbzX3vC5G	643
1EPLQTawJWCXszkYz88iVCEzPdohxcqgmV	643
bc1q578vr32s2tgp9ykhzmfzh4nu2tpulw3mycv7w0	643
bc1qh0lc4304nmlswx8jz99h5x0kvvmgfsex588w70	643
bc1qvdxtjcd4j3wez55gfy4jlu4ygq4rhmf9yrw0pc	643
1qMydtGPc9wBRzn7sLq7XUhbAchNN1tnr	643
181P7MBJREQTpKh7eWgofaPUBwhNuoAXCz	643
1gsdcd64bJzqNhoD5bLEx1XnLMmySwbe1	643
16oUyQ2pvqe5r9qUPtjW4iRR8cpYE5RVzs	643
1CXLfZS9wrTJw2zdEkAnqiWfB2t1aeUjBY	643
1PC7HWLTJ6moW7kjxc4vXzJSkncBppZ5Xu	643
1Htark4K4J6y5UayWRdLVYy4mWR9NGndH2	643
3EzGf9D5j6LxY1ySjjPkrgtArGoqNcswYN	643
16p3zCqX8L2raJGZChwkextMxbejcvTZi9	643
1KXtyqNwzDXZRg21LPqHU7bHXcdvLTbPRs	643
bc1q59q24nuf53fa2t99dyl50u5mltlkky54juxfmy	643
1Ns6pFE5wJNCkUaFH2BaLWphk3JbAEGCUY	643
1AFzaA82ZUU8tpUA6jVphvGLozLE1t8TzC	643
bc1qn2ehhukl25zwyhgdar7uf7wqsj9xx7c7llujjm	643
16kqP7NPg5LbysjVYJ6PknycZb8D1qg4Be	643
1DMGD7hQAig4h7fpsLvFMha2WMzNMoQTkU	643
151pu7Y2p5ZPRQnrqpy67zr8VVEEmbEwRt	643
bc1qszxq3dyaavnh07hphqj2jadgxpsxhdye5v9t6k	643
12JkBAMXyC8LttxybK1wUXJyKAxUy26ATb	643
1ANkAotyAfXSSyx39mJyEpcDDwUjyRjNeU	643
1DsfBjbxFQWYX7CULvKHKLXGciNFVf2DRb	643
1FuNbDC2pKSU3wtbT2gGfhyuorGA6A3bJA	643
1KWB9C2Ez4pPdhvNezxPHPZUMMykYoM8ND	643
bc1qde5x0qf5ppsxpmp7566kfwrahs06vxyacuxznz	643
1A6dXkJgB6R5uYMeq4RyXbB3RcQhwwUm4e	643
18owm5W7FKjS2J5XYcL2wRTg5cyEXmzyiN	643
19cpYJ6KwcVxxmr1TQ9xVek696DN8hhkJK	643
1Jxy14WHgTyY65yV8CepsnHpDj5i1bFJ8V	643
1LrZN6TA53vtmLcVEiL3YGJnBQdF2pMwhr	643
bc1qv59s608pxamu7klw4vp04h0s0amsmzsxt0zlyy	643
152YzzyL98ifieTY12nAA5Dun78P5Z5zwa	643
1KswyP34zeCUXASq1G5eoFpACVxsPC8Xdn	643
17kSkCrAM9K4KWUSsc3tsxfgZDYswTBxcw	643
159VNRzbR2Yki4XLVbHe4Rq7V7M6iyxo4D	643
1Dna9WSurYgQCoXaL7PDbLvXAgfrsH1Bw7	643
bc1qxm67g55nllhy2rlex00uv8np3wm2ek74zraysu	643
1DvyxYYFFX86sTNyRQu6tEue3MZ3ggqTZU	643
bc1q9lvqgqdlfv0fxxfgrnz38rzmfr4fpdnk5k465a	643
1PLHDugxNnEefqWp9Zwvh6LN6gY4yxrK23	643
bc1qf9k598s24wx4etmzn3f2g6cutegfusxpapl9ea	643
32TV5fdnu9gtdxz6qi8nD9d5MwmXxLgsQc	643
38J9tyzSBkmDLM8tYiTsxmarBnQTfpbYwY	643
13UpjDLWSTFL5ZnBnMpxZ7wF8TENroxv3G	643
1MCddX7kJthq296TmjSrGPkkCKWMvr1LAb	643
bc1qjn6tnda8gy23qwlyfyt5ljwpmzy0txh28v9kez	643
35kgNGwMCAGBJaoSkE4SCr7bHe2kLMk2sD	643
1AxhuSpnKk6uAdmuaq6dgxeDKv4vdv21nu	643
13TEjnMSXnn7MXgoKZTynFNAvBiPu7qrfx	643
1D2vpERdTthMh2oBovmXrAV6pBmkFB9GVD	643
13FddTiM7ttyB1fzsV3S1x6UmR8DrTGWjq	643
1C4zJXDU2KAwUdzDuXxo8JrgFFu7t6xn8M	643
18ZhjWx47wZmeTXqFnqUyXe8bv1ENFGFB4	643
1JpMhWNJGgSPwXqadMErNdFdiSQ61Bh7Ff	643
1Q2qfu6XbG68Kg1eJWmKsyu2FNSB6T1Za4	643
15xuesSqfDzkaXAUtqs12VoxVfWuFSpq5d	643
1Z6zKzhmj2Wke9wt9cL5caEeYeg4naNMo	643
16GSZksAUCkPw9wFTBRcajBdxgrufbYWex	643
1PoUrnPnaDSuRqbdjDJxdmT3BMTfJZ7E6z	643
16qda8gY2bx7pTQeJDAdqX1iPWVoNi6Ha5	643
1JGuRZWenazCu9oEYtr2te76D19kvpHBJo	643
1LpAXA26ST36uiWY9NXjkG9w8xBk2HTGKV	643
1BPPQkQAbPHr4bqQo8thY8EpTuMXpeX6kN	643
1MSbJbykhpSEZERBxrHRhjRQZxRov2oFRx	643
35G3YQzRMNKCk9JxYPCWnsrUb5TynRQmxn	643
bc1qjt4hekatql4frupd6jg5sceeh2d8tgwaw3sdcu	643
1FcgKjCepqnrcaDCFNvoJ6zVtdniXwJjce	643
1KcjUnEpkSv6XoSFxsYuiG1ToosQ4JxiaL	643
bc1qrnj3d2hp6rmasnp0lhargeh2ghamyphjprtgnj	643
16TJJHLHdVFwTi4WWrkBi8kUW65PntJysd	643
1PcdE6wc4x7notftskEM4Mw46qPza5kyR3	643
1H6cNvXcktMTFnWsiiwRRXKMYpp9Srwwen	643
1FfLHmBEvpst8DsZRh3enwXYEZwGKBAA31	643
bc1q753vghrvx9c8e6cd5cda9ld7djkhqrxnuy7vd6	643
13gc3tesRALpV6pjfD95chPBwqXNi3QXjV	643
1MX8qyDwih5g1fcFJFRRCUjHHuWtsiHPDS	643
12zoRmcsKo1XAkRduGjcCdrDFrDb4t2tKu	643
bc1q3a30rtu8s9vm0e8sfgtahfwmyly0hr26z5m7gt	643
159b6AWFodzGbbR1rzgZ3GpgV3gNQbhwz9	643
bc1q4s42q4xr40xk0l8t6yh9ymcc3xv0ujfd0jw8kg	643
bc1qndy9hr5vwd7j8l54r9xkuxca7emkqsu5ygtnuk	643
bc1qw2lusrmylay55tnerqekjz8xndylmhldu276et	643
1B4h54VHzc7fbkTBms9dQ7443x1ReFehoP	643
bc1qexmt2xk47c5hadkaap3hljvz97gzvtgf6kyzm3	643
bc1q554k6qvljplyhw2tqe5x4s9fuxq83hk22tpdzk	643
1E8jj8hgHSe9bNoUxBuHthnfUTwvhZsfBJ	643
bc1q3mpwlz4mu5k8expde8xk70knp24tredl00s6fd	643
19uRGSav1SKSqZLSbRmDyV1vmjp5eny7tv	643
3CqMT8CkRAizdRcmj9ApsGRJzqLdbJgEsk	643
1GEpy9RHT7MnrKaP2YcWXcBX7yBzkuaKVn	643
12MFQ1PEHjv6i1dW35k6KjkmYDsUpni7kr	643
1Py43VLc9fWa1iNMYfAP6JJM4jDkRJcaZJ	643
14Fw6NRit7nKFj86XaCeg8PiXgz4qveQUB	643
bc1qt8fyumyw43pvpqkp3rg699u05kpl8jzkusylnm	643
1A1hNVGQy4GnY78s4M6wKBvUfzjP5FzDi9	643
15vxRj5F96xbE63VazXJDLicAn3GkQw9eK	643
13DcKbQrNELdm8Htjm4hXEwpapSj4htuhk	643
1DbyWhg4we7jAszyd6XJpavboT5YTRivvk	643
1J9BL2vhBr9LAsYZzxANhRAy9kqHbNPgcj	643
18hGGzAyGh8pSpDKCjsSnxHx49yofEkCAF	643
bc1qmuvtfe9ch9dz0kxt0v7utcqcjcznxnns4ax25nf6med46kzq86csq4wa8x	643
113PxiHP4WAQKx7w6nhrZTZq7QkrEuN8vj	643
1452NSQ73LwL3UwhN2DAMazmn3Hpik4i7M	643
1Nm9Jbw6yULpGXdhuPF2PaHFZSc22g1TeC	643
17da9sT3mMRZYXzct65wviKgnoNK3yGi5A	643
bc1qjc3n4m3lnyss4dakhuw278afjj3evjzwh7gqc6	643
1AQxMtM97L5utr2gpbRPMne9QYXtkaFv8D	643
bc1qqjwyjxseqnefwcueh7z8jymmn662e0wh68k6zc	643
14CNxXFAmFLsvhtKjfUESSe4iR7mtoHV8d	643
bc1qgqlnpe9uzc7pdg3yx43hj0p5qgt5dpawlhrdfq	643
17XJiQB6AGXGzXqHZxWr37fzMZ8XYhq7D5	643
13j6cTUcRcW23LtP2gvbMvQo1xFCDZrD8h	643
1NhEHNEeo5tYE1fjXfErEEQoitGGXahemU	643
1Ey8zwd6EnXMKL7Eg1SyPDbVNQsjNCeS5Z	643
12A8LWDgymMZkK7kTdSu33GGUy4N4bSD3o	643
19hoocNkNpSApxVWWxVMN5eSczDhw7kUit	643
bc1q88m05czv9q9dhhd02m4waz9p4pn8natdxs8k0h	643
bc1q9zulzk5064302zj6nlvrsrhdgqdc4gt33l7c2u	643
16VDoQNry8bygsWimP3xpBA5CcXK2NPdFb	643
18B7i3Qam9Fdnym399j4NomhgfZGbViGVu	643
bc1qza0z4q23a0ruy4ec9674kgqmru68tvs8gexsvy	643
1EVQfXezxaF8KATwdvebhiP1ykRHomJoPk	643
1KyLrsLAfWVSi3sjQCgVoi5pQhF4jujdv5	643
bc1qu8vcszmml0mvnt6vm5v9qx746nljmu4gr3a9c8	643
1HLTzTG9BXYZinvkCES89GgfYFZM73iaEv	643
12VsN3577aGwhY6ghpeduFYieToiEFoaKE	643
bc1qq63ecn7565hsnw0dtmsx77tp68gathp39sldy0	643
1KWGrNMrXPFHh1DpP47cWP9kRMS489DTzM	643
17vN2N6HTXRQWhTRrLasD72WK8WsGnxETc	643
bc1q5wqu5xrpuktyplychn9sa649g6er05yvy08gdq	643
bc1qnz7jsvrn5m7e4ud6e2r3vs09ntckrpw28vxqqs	643
17h9b1BqS8HzFDNs6j9QUjZLCgatPAdweL	643
1HMQGr7sPm3iT3E6t4mxJtMtvwnFnqn9J6	643
13w64Pt8jCfbevvLyZ2zMZkKAgEvEBP116	643
179exkBA3Nj2sNy2QXXe2Mec1rHQJ7Pg8G	643
19uBjk1QadD4xmT9dv8F8BKwdv42pe9QCB	643
15RsZGvtVPpvA9EkS3mdSEFkjrEPr9esvS	643
1M9W62iLv9prHGwY9ngEwEVXc2v5Fp5QNm	643
33bBPC9j6MofL1LtNySQsCnsgftk6EBj34	643
bc1qnt3seljppmq8mq6nxsjwsmgwk2p3xmkaktrqft	643
13wUfkGbc9X3pF6uMjNjyMjJY3u4TJV2sM	643
bc1qhj8qjv42xjll450lth0kw6ramdru7a88ja8pwf	643
1Aj1BmzPokCez4jejze6EvWawucEx3ygSQ	643
1NuGotDCs6n5u3ianLPrjhawubcTrCQM7k	643
bc1qup2qgjnk5esgq5cls9cfkgst74g47qt3wawd35	643
bc1q7646yupdfl22wrarrvdmszcv365cvyhka6f84k	643
bc1q2mt3ya57m3d07q556k33q0j5tawxc7gaj4j5ew	643
178GuJgoZfnxEC4o1tjSMtKXqu6T8BqUrQ	643
1DQiazhpkkhxx9vfuG1hLgVPqiZpKKMhuQ	643
1AH2xFXhstKLVmytxSSdgMHFEevxyf7fhD	643
bc1qsvg4rmhgqxz0klp4lalpteh0470pc0y4fr0nme	643
158HPWAsJBwr4ZNp7KZ7w1SNxSHEfqUSLH	643
39gF2g1Z4SRBfghkiz94d1MJtFVWkT8Jnd	643
1BzBgnq56J9RAcvNHdnoHCU4fcrqZcBaTZ	643
1Bz6xWT4RTgq4nAKzSNapvGg3YvzFxG5AC	643
bc1qwq206uf9666u2j4g9vj77jxjd6v34y9crch9ng	643
1dej4H4FBHzTHgLhsxGBpcS1LY91SzCNs	643
15jcJxnxFts4yxsqeprFk4wPhXA9Z3SzCH	643
1Do1vwJKR28Li9zig2dUhznmBfaKHEL8nZ	643
1Kmv578Khx3QL6x7e3tswBHnNb1iG8orvb	643
bc1qme9n08sk3qfkw4t6ja65lhhhuf5ynf4sz7mely	643
33qcRaL1QHBgET3HoogJtnR6mXrVuBAZDc	643
14gvFJxw32f1dgmZRw5mU9SnyWJiJ9DfZe	643
bc1qxrdvqq9w7e9d7h9w46hw65n2hfwc2ghuyl7jmr	643
1HfvezcU7hxrT8FDmkgrjSnoauG6z9AGUm	643
1JAGEayuhBVpez2heHAsCuGnkVndumrj5y	643
12Mx6AsiKjvWQvqwzMGTS8JZabg5ppwETz	643
13T34Mamww92ga3vjT8ProsAntpQaeka2b	643
bc1q720xfv8gydwn9x0nlny7jk3ge5tq40r5y6nwpl	643
bc1qumc4gywwl2ga4nzg4qrjmuqm4rswd743k6nxs3	643
bc1q8xrdqpaf9rrk3ermkexdux8hp3k8dnh8x4dp0j	643
bc1qj0lp8qqp8hmyed0shtcuqes7q9qz8t6tvv0wa5	643
1An5sdvZSv6bjVM8buJbPVjdzkMMRgJUBo	643
1NYmNFw87ys7vcgFQWgLeTYht96fEwXcfz	643
1PNV8WrtbCqi6fnRkXs8SytZJGSKWnmiiN	643
1bM3XNfa9WViqPpi3oweSgPChZpCe79xU	643
1LPaNsGc2eT9hDdD7314cCQ6EDaAQvUx3A	643
bc1qngeh50tsne0ulxngvgaqta4pqle35j2pxgdrcp	643
1MNJ1Lfd7V98XXKwCEN8nPkWMZd5Ef2rsT	643
1HAU1drWgBikxPAU5AsxoFnUHVXUQTKiW8	643
bc1qha8lgugh4ltj8e0rgn5703q0qr736mmzl4j32r	643
bc1q8p5plg3u3anwrc0aalammcg8l6ya0ky9c393mh	643
14NFE45zf4MnM6RDxuWJV6n9aknvymyJDs	643
bc1qpp033qpjwq6g9zks8p8f7e2ll4cvd379cegfz6	643
bc1qql279v08xpnffvusztacjpj3upm2e5fy9vs0rhrkqectajzcelsqd5f4ks	643
bc1qfx0ku6mestlx8rhd6k7f7hprfwmsrw7nemvh0z	643
bc1qhxqsqq66px72yw62y8zekk30rq9av64tl6pxtr	643
3QTxXW7znQTG3H8uSTuvTf6FSrNG3sGQuh	643
15ULWNq3PAdTuk9kDxf4BYx4s3zkaJDp1p	643
1MoMg9ygTsrbb6oCzBxT5Az2YJZ8zXgUe	643
1C9mYRMsQLYe5DQXFKrVBPp8gUbnwR34Kz	643
19AsGpvawjchLT5GcCS51y1BEF7rX3Nx7g	643
bc1quk7zem0adk0qt26qgdvxnhn9mh52hv4pt7cw4n	643
12AqJ3CShgty4p9P2E1rHtYUmE1aXNDAKA	643
1GjczorTGbCmJgAWuQb8M3NibivAJKhpMj	643
1EA9c13uXfRDheSXtRcUqJ52RmSM7if1Xu	643
1EhEPq9cLaVTUSsFsgt12UMRrTAoSpp6Xo	643
bc1qfu5wsf2vwnk0saumhxe8x7msxzrmzzjcjv6ss7	643
15jEbB9QdEqi1XXZyqsvYR6XmNW6WdGa6o	643
17FHne4fhCxfovCPs95TAJbe5wfzmPCzw2	643
1GCVX6QTEEMa2twVZm2D5ZjuWNtXNHk97N	643
bc1qtqyq0unxkz6eprlekghjmjt96ee2xcqdhrmuwz	643
bc1qvmnc59799ctmvkmyhmvg4e757wvq8gkk5f8del	643
bc1q4gcu5ll98jv0qadvk70pqc9wvqs89qsdktqpzt	643
1P21SAhXidTYJybXmkEhCNtAYfCDCN43Mu	643
bc1qlxvew32dt7chpacqfayqhj6hk0gydsqz2h33f9	643
1HzNgdToSXarQ53jsaictzFC5tM8WudWex	643
bc1qvmxfm4ltvrvremlwd8etxh8pcx4clqk2fessc0	643
33wmdFpSfxAZsn8z2toRP3eR5wmLsH6ZSa	643
1ACDmCdXKMA5Q3kqMnFLtpNJEoyZDpbPx4	643
1EpotsMLbbAg6YgXxLZqXDmrhkRM6BS56Q	643
17F8xm3VfH5zwCXUifTJFcHLEv6v5ZSuBo	643
1BGreftWM3TwPviBVxreM8xhVJRg5GhFaV	643
bc1q2gj3w6tyrmzsdy24na0tgp9d40ggrsrcy9sjdd	643
bc1quncuuxh43f0d4uyurhhv4rfwxxclkyhsegwwmu	643
1KZKxhrd6BuPEfiK2WvWT5GXLLxB7DnTa6	643
1sEn5HzUwpZeitMKe2BgJm7bTaEXodLAK	643
1Hs4QLXtpYkazDpLFe6EHXvDCCYkWwn4UL	643
1G7RK35uwqCP5ES26EP2STqR4ro1tsvU6u	643
1F3SjxRDtfbTKxsQ9RSQjXWJJfrmjR2ftu	643
1G7KERQ8p5uNvCAy7zno4h6t5bpNWdaovj	643
1J1VnxgJLz53usUkPh1G3HdAUcU35L65d4	643
1P4ifgt47FCrkRKDxKCDP2ySTgZyP7Bbyb	643
36EfQbGS6fncuQXRhp3R9XmZ8oAGLk1V9e	643
154rADHNpER8Cb1xEJJhA8Vt7KEWATiz8e	643
16E5R6kH5Uu14BijiY6ShKKTLru67dpyeh	643
1CDarjLa91GhfD886WLX8DqJYvDNWaAchA	643
bc1qt7w7xqgzlw9zggrx6ynsqvx302xqf02r968msm	643
33r2zPbtAuZCcCZsWMdQotvb8BakymjAWF	643
1DhGNZTBCwhHJ9T5RFzsmcN555P5zpY6Fu	643
bc1qh0njpa8973m2t0h6gusg6qskny4zwhl0rhdvh7	643
bc1ql7tkhzy83a9mla654v4rglgqcdf6js6glsjt9g	643
bc1q78wk5jccmxqnz4lsg5epn44r6eprheyyqxsuc3	643
bc1q45dsd9ye4xmjw5t6adzdfacn5vqg9sgny3jz7x	643
1AM9handCnd5gkoP3ugwSMXMY8bPjdKeWe	643
bc1q97zx6fdav9j3cqdqnezyay4mwk98d94kvq7567	643
1DtezXESD8oxcLVii9No3eS45Jjv3Tj8NR	643
1EwcyQhwC8UHd9KkmeBu8rDK7ExxaSKTvH	643
1Ay1jdYm5yHszRXLnE7UzUdwL4hPDNYqds	643
bc1qal6lumncw64h0jnumz9tp44yjx24n5qntgh03q	643
bc1qvesfl7xhlecwpda0qt62kfd678w25pscmx2m86	643
1P4kPZS8Q8JNydQ9sdUZZdsrQgTs5Hmz38	643
1AffWrMHChMnMCvmD9XEDtrZsNJLgWaMUk	643
1PebcAyuDzedizaaWYT9DvVnkcy1T5RzWz	643
15uxEZqXdvYHragNj8VE6g7To1z8ML98dA	643
bc1qlm7hurfz26mhskhjs7pmlqfwdtz4pjnutueytp	643
1Jh2x3PtWR7umiBwvuXtwnHsbMemrKjJ53	643
1D7J9kjhQzc6542eBoPTpzRTnKrQjdqp9R	643
16nMwnnUubNHxMyKNWmax8QaNzcZS3PXeK	643
1CRUjKQdwaygXy1d6J93WqHG8Rv2ikxReQ	643
1Nh1nf5sF7cLA8R4V5QLjLdCB8oQ5QTDiG	643
1DVbeegqNDQpQc7bRGAFsitdcZ6LRvPUWY	643
19GLaq6YsXmXvPYNRB7W8df12X145HojwD	643
1TW9DCgbEH2V3wg65i323w9EsrfYye4nb	643
16St4xemGxhTTjAf7PjJ6CMd8bfuKbfY9o	643
19u14gRUVuyyyHaA5YzpzX8eYjvQePLeeo	643
1MJL6rBwq9Pgf4VKeezxHPLn7mE5PbjL1B	643
1poNMFgMut6LQa3yfi26LmESkpnCUBjqS	643
1LMusLmCYRMLy3UHJjSnJmo3w2AD752NUB	643
bc1q9hdrt6lkkstaatmgwfpw8unkwtq3t435ghelqj	643
bc1qz636re4l5uqxcvrfjy2v3cpxkut9xqmhpg7zeg	643
1GgG73S7Xk5A8Pvk8eJGKegbymk8EqDBv	643
bc1q7m5g0lgd2999q4y3m7smmr3c9xs9sm4s0puzlf	643
12dw8JCR5TZ3uPMimkXfeKRD63r3E3teu5	643
bc1qfmg7yx99u325pxwx7dmftk5vy2ty4nzgvkfku2	643
bc1qe3ygfaq9j7ufznwykyf58p95hvkzp78f5lhvhv	643
1PnbeMG6WJ7VNJwo2Mx4J1zuBzSEsbDRwq	643
1D8C5a7jNmhY6LX1FDPCLB4AEHLK6ExgBV	643
1HcsZujCtoomKvNEda7tNBtvpEXrSsUeSv	643
bc1qqxzsnp4gm92cykdvt545t7t99cp9czx7vrkxu6	643
1MJUTq4dYRj9fF2RA2qDNWgPA75xbcGkpr	643
1HxbdyVaCG8mzTF1a2HMsWCvFwftiqkzd5	643
bc1qjyu8mghx6h4zv7hu7th0456767ngs6237n0fgq	643
1G6t96h2g13msNWEtMgjNFBtsu197gghiS	643
1DLZRwwzYSmRDB7kYUehyybYkhtaDoSzpu	643
19hSsDrH1c2hewieNdeBQiLQH7kMJRKdjH	643
1NTKVtsBTutyaEjS16HQujJTTVrgHX2LAC	643
bc1qw6dx7eqkjnx37radeffmke5umx7s8vgrx6x2m7	643
bc1q2yg9763dlyjn9lzxnlj2xmvrzfkn326kn6wv98	643
bc1qytyz96wxk3ssh4r829qmxxpau0eg2wck8j902c	643
bc1qf98llrk0pzpfyz2tzdhn7sf20xvdy5azmjgwy8	643
1DHTPLZMGHyvSxrtP7MfLnEDvbbbFaBwvg	643
3NjkinndH1Eayi6qpViBUV3LVdQDDhEHh8	643
1NjbD1Dp1aqJXob2CH88ZFEpugc2wRPvKW	643
1ARb1dxziR9iX9qKpDP8e7V2eQdNDWjPW6	643
bc1q89g72gs2x9yhhuttcsg0h9y4973xtl4y0yn0pv	643
3KM2MB6jgUL8i8MDNMCLVw1PKmsn9oGLBd	643
1CSh5jxEB6wRm91J3EjKjZmmJNCkWk8RuW	643
16Yd1o1n6axzuuFNVt2cCUKecKhn4UMeS	643
14hV7gZgeg7ycRkDZGk8ybMJLpqs8KMi2v	643
18kBRZNSLdZqey6a4TqgdQUakgbKpBDZu8	643
34shWX6Zp3NN8TEc56wmh63SdVVcEPkuyJ	643
16cqCjBoEFDpwFWP8xzZYe3Z7xmP9QCFd5	643
1Hu5cFj1eKHd3gU4f7T1xUrGwxx4EdNsJM	643
bc1qn0q52g6tpctt559gtapgepvyp5k4rnck480tdz	643
bc1qjyxzvdxmqe70q3w3mnufpvsu9h8f8a860d2qvu	643
bc1q7wfjyjugf80wxfwcuf2fevr6h9xmf0cmg7kv4f	643
1DDfBDRdYjDz1S26xfYykpgBBwW314RUy3	643
bc1qs2myhl5jys8h37w60jk7n8vwlnnyaldwqk6mpg	643
1MNuqWgypTxFUgW7SzjaKBt6fsb66hhGDB	643
33nM9Y4EhvfmzCRCgg1ZoHknPx4nUzFJ2Y	643
13vqdx1NMK2S7pdA1g9VCkmrLvnvkoLQ2H	643
16Mwy5aCM3NXBzZtWuNgYxGyqg3VVXTp94	643
bc1q9pnfc67l09xuwxgfjmrdh8577e57f7sks8fcha	643
1C3nD88qpaDdqLjcvk1oM9qzZxdDDUXkuP	643
3JqgpFzsDSikkgCgSNuNXPnXNhi2kRctSP	643
33JUm4fFCZv6tHFuhmWZ9nwEcL1AXjzhHp	643
136xR28KBzGywFveYnfhhphxDVtERyY44v	643
1LuBF5XMUwWTBF7DQ1qdmTmRKuJVPKj6zn	643
3Ns1zZr8J6md3aVie6aopEX5YPawuNUfBA	643
1KEpUUgFZVLg2NYvaYVNcq9GeRSDH95RnQ	643
12gd6auLKFFDLmtneM8eBc3D9zrtibYQXx	643
bc1q3l65cme2h36gw38g9ertwj7v25u5stx8swj0es	643
1Jd3kJN9TuMDucTgjsezet6f2aww4uisk	643
1FXyx6BfWCeRwMNyBNoY2BBuZZ49uih2B8	643
1BdB1zv5MvohYihYhUG8VzFhLzzqHgJNi5	643
1HC8uiqA8mMzKHzcjPeZ81yNjg7438XRun	643
18BmY1wkjP1TGoiti44e7mw3H1M8nZx853	643
16R9fzjTxPLYtcj7DtwDMz3ewsT1PEyXCe	643
bc1q9xxq0n9krq0cv338yqphmuc999e99pztqf36wh	643
1PUdadjTNc2Ef6bLjYLyv5Uj3MYmKkHKfp	643
bc1qa47pwpdvjv55m5tz8n8gf559v5dmxc2ztn95t7	643
1Lpneu9BS5v4BF75cdgtBHYskvX1vCh6Vt	643
1AuRKFobDixesQvuXzwUY46nDrTjaMCGsF	643
13rAcenQZ4UevKAwb39vXnKU8bhA8u9Pxw	643
1ETKxyrzYZYtDcHAzhzzfwqiiw9kMrtdyB	643
1LRGifXMW8TxbUn93ybEvBvwaKudLBHSeV	643
1HKxqepqE4Ea3tQKy8zt31aUvzgXJ8Rz9K	643
bc1qrqj20ccmc7pxcugcw6653rj9d698z6f3gsazqw	643
1H9SCHxER7wnbZymRcyR84chFtnoLvjcAH	643
14a1QVdNJEwEDgBcTM62qmHHJhF9eUEMcV	643
bc1q2qgyrufugvkpzna6nf5ukyjsucql0upm52ws2j	643
13eFhpSXh1mrC7Qk5aBCm2Fgfn3qq5uhZu	643
1PWv7CVee4KpwHdxayrYoxG7Yd1MnTYWWe	643
1DvbbzGQEMDYkxwhwXkZtfYJUgDJLcMgVt	643
1FLnACbxBG3fCDNSBp893r4qyUnsWRyeCt	643
bc1qeaarxeuka78l42e5d7muzc992p50cr6vs2mr8p	643
1JpWkwg4Q8ovRVEtaMHUGovd2pgddFFnSS	643
bc1q2e522ryychu6ylnl2qsm2ahnga54hpf0y6aldl	643
bc1ql739c5vasxxhpmsaegwln8d0gqxv4xea5eagdk	643
1EmrnCwjBZe6GVC7zrM6w2LFawu6jP8hvd	643
1HPTLpThkGg5U1oBfoDALxZnBYdVBzKPJk	643
1Kv1PxGMwvVyyURZhPqLeC3YTVf2NyTdEw	643
bc1qh6vdsuwwnd4zpaelthmusgkqq53rng3hme3v0g	643
1Br4gR4Q4qt8tSLBjvrFbavZ1VScHu1Ecy	643
1AiqaAx6op22ddBQyQKh8syuM8nob5ZXhg	643
18diwzQxPn3TtHUJeSVnZAHo9BVQSyuN6t	643
1G429h3qYwwdHEHHpF3Latueyqzwvz4Zmo	643
155ToSbbefKeuMtFAF1dLXTVCdRzLYLHBK	643
bc1qhg8r2s94u6yxkaefgejnfg5seegnf2h5wmz937	643
18feaG42Esxqy5AAnjzUWwisCoj4qHZ1Vq	643
bc1q0uq75u5wyq2mqvrp8n2ysvuu7d3rde9tzqhtcn	643
1CTgHg3ovFD8WVHjpteYKN63zyn3HGXBJV	643
1GVtKMTBtD5UPdqk7FNRt9kaQtHMPSMVx8	643
1MgKAP4KU1qjCbGcGNwk5giBCZsKQhS21	643
1KjnVWB5dqDY76o8T97McSWyRPrZWxLaEN	643
bc1q8lr6fug9esze2r8uglc54rylanyxekhelqf0sq	643
1EmovSGrzXmRPMnCgDxrWhECnEqFvqLG8N	643
bc1q9rlf4kvj7xd8fvazwe9qjp75wkwtavcplk676c	643
1NewGjfuh6bNVzoxGuLCwCSQtiE6PpuHZz	643
1H2a6LdqE9CjKZtJFgNyamFfWQWqnHLifv	643
12M8WgoaHcHZFnhsk1SoVVc5PUTYabTWNZ	643
1NPVkgxiQL7a9kvc6ySHNXUPoKQGFeu65	643
1ABHw9fdddVrSpCCEwV7iDbQUYsAiEjxUQ	643
1G2nqgstz79uFwEqNRdr8qfe1xu4jbU9dC	643
bc1qyrnjj895lckfs3xlxkjax9manvgen0ftyl896f	643
bc1qt5fm7dq9y0e6z8lh62zlhcr5cvy2qwfgxjjl7h	643
15B8LgrrT2kkS81GZj5kY4ctKtjq3bA69Z	643
17c2F4SSTUhDKU5KJh3mARNhf3qWbVrizL	643
19ihNmtbNtaaWGxVHThQdxY24NfxoWpjxK	643
bc1qgdmwyaru5fs92uwlk5js7kjqpjtavshet4vpsl	643
1GqNunpM6KPtu7kRhSycpVMhnwiwHijydP	643
1CPqSHSQcR756v8vJkEUHHLmMGrGWRcnL	643
1AMww9ZohUY8dVm18oxNJK2NhJxz7p2EYP	643
1KKfL6RkB4uWD6bXAncr6ohknmTGtJ3hQR	643
17NbSnxwsfZgepiESKa9f3nVgXkZo9mhPp	643
1AWJaLSw3LRPmryc1DXVUc7AyyCriTJiuw	643
1NTuWwVnvVVzrBKy528AZmwJJNP4tsPdNz	643
12UuLqiHCPSsLs6QebEzDPXMnXVZMnx9Yj	643
bc1qmf2q82g52tfw89cx29s7027wsppk5mq9hsds9k	643
bc1qyj649sfvkgy9ml68ww6grmhh5vqwq94mlzg38g	643
198P2y5TyMqfvoBq5ux3fVYdCfHsJVXcoT	643
3Mc8RcMR3QKjYAHiYPqvTCESLnqEWv2GHx	643
1L5QwwBXcRMD1HU5WDoMFbcfHGhN1sQxQt	643
19uqUGqLKDLymRqZjPVjkp7ys74i1YVaxZ	643
1ExvhgRuSsSYY8YAYs5V5Tt6ZajhKyKKri	643
1Hx7mDbVEvRH3MGhPoZzQLkmiEVcVfjRMB	643
bc1q9sl4ucjh6zahj8pk9u5clgypxxu6l3gxxqlkz8	643
1DhAhNKu7Rt5vA6jQ4gx2Q3KVApHyoS6iR	643
3HDrLznnxqwUSKBAg95Ct9G4HRAeDa7rgg	643
17cRHgfCcGgzUL7Knf8c7S99h52TrfEdXt	643
bc1qwwzkjgum27nu4lwm0ky87nvdd0yswd7mzwearh	643
33vTKyz43L9kjaWGfzojRv7Z78tMsLnWgX	643
16ti3Cd9VZdhEjeqKLhTPUPq8DQMR8UdVx	643
1xSMWpScWXe47UsVbmQUMP99GzLk6rkNL	643
13NhaWPbEo8XFzEeJAPfVX3wQPe7ifC2wf	643
142QqFf2rLQMm2UeFcJXa9d5Ro2w7pC7Af	643
16VGw737sTRZjnYzK1wCUCigYRq5UjBUXy	643
177K8DtBPeoFSyr4XD9y7YYzr1uDpiqssc	643
14QJrS6cDdMqTE8rSnpxkgn9kTEp1BndNg	643
1MEef3PmBjwgxvUrdgEi1KsbGDhaJYEsKp	643
bc1q898utpxzdn2qfndhv4j50d5nv77kp7zqw975ka	643
1A9f21iJw1gLce2mqdEw418yD6F2pvDmto	643
16S4epa3ebv3Xep1d51HQCx3AeNvdSDNNf	643
bc1qmku84uxzj5n88n5dx2jkxj5qlruz07v2xv04hp	643
1AdFSPkfg1QpvMC8FjgTwuKrkiPe1T8GEp	643
13Nk7CjFC8nSwr7gAChg4JrWK4tak3Rkpv	643
1GsbU5fwWoMPBNbvFHY13KuAN3M98f7AxK	643
bc1quh7apdvzqmmyvujxwen4y9838vlakzuezvwua4	643
1Bx86yLcYZopUk7ofs2pKLEJEBrFqYbrTe	643
1A43ushgCsq5Ny26o8yYAZfSyyuewNnJyc	643
bc1qka5yqp74909at83yuexg97phm3pjdl8kjx9wt3	643
1Et7CutwUKCb9KFcLjEdnE1manoVVaE5zj	643
1Eeu8Aw1drwvEA5yrUsiJ4Yof5BRoGJ3Ka	643
1CM89gT5Rp66AuUgdCjUn9yLEvCCYF4bjd	643
12pidxjGWvmBR1c6VDegjN2Nvn6p8FUugq	643
1QGV37PGcrpQBBZZeYkDCdNrp6j2tWsbhd	643
31vMKezxhVeEA5yfwSN5JjvZi63uFjYiWF	643
bc1qsr4r530fc5ru3n4krxy5z3eh03gmfe4q2rnymp	643
1E8wp3AZnxXbsihVP1zTuZqy7siQBkVjti	643
18fsUYFaa7VFBNsCPt3VpvA32KN5eGTNT8	643
1Hyk4vyu2bQHmWVpuVeEwhFcWJDBKJ6Pyf	643
19htVYHycJePZeeSr8QfQs3UPyLLVMCRcK	643
bc1qpq7tea056qhsjfg6cryrsg8f6spkmg9n7ejdfs	643
bc1qh0uzvth75zj0aedkzmke2d5efdgpq0vsftl4tl	643
bc1qg7smgx4lnappln30a2tmgvu3hkrm2jpvur8el6	643
1GvZoCRi17EmDXwQt1KonqspinfNwR7uRi	643
bc1qe6jpufcxltc8m3w8vurqrvkvf8khw60u485vyd	643
1oNV5ZyHVajCj6TikznSB1RwdcNz15NJ6	643
3HXnc7sEkKoLhaziXjvaLJ2RyQCxzW5ufQ	643
1AoBww4C798U5qGZYiPWgsSRHWnaNqyooK	643
1MbeL66Kz1esCQCjfV1DyoR3TvAiSM6Cg6	643
bc1qsyea7xr4jzrmflwc9kyhemm55an7xxm4dmex29	643
128tSQDE2SFhhRHZG5d5ZzXSyTEvjgHA9r	643
1Mi5V2a21wfBhGiuiaBQ47h2vqE6VLw7Ev	643
135HoEQSfRkdLYycpm1PnL4TuVAdd92BXw	643
12wYPxRNVZBs3CPnRH6uinYjjpecEQMbFA	643
1N7G8BZsbXPPxjXtk3oi3ytocBVfWWA5cw	643
3HSvNBXJA59meaeAVaMb94epxwXAwWAnNt	643
1MvRzg67EHMCqugevdmnrCgoFt8bqtVk99	643
1LjAVPWNkf9mvraVcD3NiYNUfwzE8jSeyH	643
1FWzv8tkuhu9gsHaws7UjZBtbZG2c5fwSv	643
14xgWY9pMT9RTm4f87hMYfS6AmdaFiMEsD	643
13ySTzXTx2SVrRQ7G47FUSiJBbqPr7iWpJ	643
bc1qc4qc0ne6ccqm8rax9qny8tr7lajenqelkeuhu9	643
bc1qr5gyeruum7ap4q4efyh0lhmu8kf0x4fwejlf9n	643
14RQaTnQ3gwrq93fQ4j5NqhFFQjTa6wuN3	643
1LGBXMqFMRrGmkw4yw17kvrCxrm3r3Rnw8	643
1K5BZNjaHeyP21xBvcWYXrzH4791uAAEhn	643
bc1q0ltw4dwyllmvm5z4nwz707aewr89j8t29cdaxx	643
13P8MwdevMoP5SGWaZJQMQKQi1w7YyKRJH	643
1CPjisrRLiKojkMxfjSzA8YvBeS15EQAQ	643
15KfmUbmtaYa2qRfupcsjbrjQaT3fRgK2o	643
14yBup4wU39XckRZ2sWUGwEskVdDii1PLE	643
131RunTN6jGZZ9UBmhdth2BVkr1dDBTwhC	643
1Fs1iXCjCWjDr5cYLaTYkKSuveTCN6zCoF	643
3CEJWzQqo2aq1DLbPYz2UzYMJb7jf4Mh3H	643
1C78SzPMCshcKv2bp73Lc9swuUFdNRLyAP	643
bc1qsy2gggnrmwmps9ma2lhw6uk4uvjnmvdny295su	643
12UYNwfhBQomtkwDSqCuXjJjVM7Pg56Qy9	643
18v7yea4zne5NXGatNwyUDsyq3SwhxBkRb	643
1LSM6yAy4F3DpfWxqL3jDdsBGeRpHXgSZ	643
bc1qytkjuu7jqnkrv6pk6m79hfnsr3kpg9krj8c0vd	643
bc1q7tpf0xzfdrj5mjt9r3a6lh7mkeh6rh7e9947ya	643
bc1qpz78heyxn6c6n9tg7e9dje9m0ka8d0f4vg7uvn	643
17zKThaF5QsrPUtJEzpPbkp15otmiXx3bh	643
bc1qsf5a7rthelllgl2jp7l5wh9vsg95yydqmulz52	643
1BRxi2QfTkVaqS7HQqioBHQEB8FaEiWNLK	643
1ErX3ZZxxExU2Rjg2TaSXhLzDyoufyxh3m	643
bc1qsp3je7q3nr20ty2rd9z0yk6zzmns3xx02nx877	643
bc1qpvxhpc25x3n2a9u8xvg9dyw47p3xd7tu24lmgr	643
1M9VghtW4nCuKt2rCUwv42Jpit1CFix9CB	643
1KTtysfnmF7zSSFfoMKQDykUFSyWVvw9pY	643
1KJxS8MebcR7gQYj2BH11sPkHD7YMozsUp	643
1Bhpyh1PksCWwfQD1ffVackPsJS1fboaE7	643
bc1qne5my50hqlgg8qk3tjepw9jd2hlnn6rrv85qsn	643
1HBzo2UihoAppjxzLvkvyu9d7n6Zv5v515	643
17zwKrTjYSSgAEneeieLPsEAov1CPcS5SN	643
1DxD77mJhrJMJvzweP87CztzsJ743YFK4H	643
15TvhSvNUohKTg89SsWZ4eSNuYSegLv3ZY	643
1JMQghP2CsQx1qndA2oRLoeegvS1yQFic1	643
bc1qre3wqan08heuydyfrdrx2vqsw6ucpcgch69x0h	643
1FmHEao9W1ucMDkH4C4stCmzjpmmVZ8Zff	643
bc1qakyf8vw8wghy4wdu32v3lf8wzfn50jkhxfppy2	643
1H57PCEejwRaN38jJ5hnZJSLggbBtcNvQM	643
bc1qgwkmpudx0epmjse0936352n3unf97wjnxmvvyy	643
1EGdiyrGhqQ2B5HyDE1851QooAPi5jiyXK	643
1GmaRTqPBfFmupnFkG1UX5KQo4N1HdQom6	643
13anzHxQ72BhcaBr23zQJS2ymBQZ8v9o8N	643
1HuQdgbW9mC2X8MpDj9tQSaTHkz3Lv6Vp8	643
1Dc8LTVViA7Lk54MbLmH9BLZZc9EtrMKdz	643
17qaRttNXR18RJUyrUXMCH7xQrGykw5eka	643
1JevUc8qv961Kty3sHnK4roX6Hoc54HEac	643
15t2SAZUa2Q4GrvtBWTCfu7gSyPuhfmLa9	643
16TMWTNRcXZfT2SYFtxqVQin4nETLLA3aC	643
1QHBiX3p195L3XrBaayMXkSRUvLnWtjHEt	643
169mpgzS3K1z6SxWn7DLiqfdg5zcbqLZbA	643
13eSCPTDseTKWfxDx3fDyQLf7J9gjC2fH9	643
14ShKZ6atuDY7zzZr3BuG7f9mNYHQH8Xbz	643
18gwHtDfiuXUjFkdSmwYu5tKUaCEGMGJFU	643
3Gq1t4sbaLE7VnXNYBkX8tP7y966oRi8sk	643
17dhtYLG1yAAwUECZyZR99tj1e71pTwAVS	643
16qX51T8uByQMeb2Npm8Crp3iYu6cJ2EeE	643
18v9T985Yj46RFftMHgUqU84Hr4h3ttJAX	643
1MBmQ1eoAGrWySc7LL649DhaLy2pt3kTA2	643
1Mt5hFv36ZJdKR5Ga7MMhEUrcmyG52Yyf9	643
1Pu5SLCTRjtEM2B8qkTgJcPV8F2py5cRKz	643
18BMsd9DGjk5kyoKG5YiDCP8iBXSshtaUL	643
1M9nUbbjxKVq5qbLcGZYdLU5g4NshvBkat	643
18Vaax7Sp2SATAH7qvWBvYoswjiXxJxBRx	643
16oSCLDxoZb8fn28RGen115M9Yu9MeQTi9	643
3HLHG2iaCpLUm6KxajcwoSAxudT7uyWY8F	643
bc1q8wref8q2darzp7hlglqh7srk9203xuuf0e0gnr	643
1KThhmZ4FEML4MdHwZrboZEmKSB3NbtAaq	643
bc1qt66xfx0gql9ct2ardklte9vfh8ekg73kye2t8m	643
15wQja9pqsRXCJHvZSkW6o56jG5EeQ6MKy	643
1JUd11LortLKCgd2SwLzmxVPEgpR7QobVa	643
1PCf3AZtoS28wxKRamaszPuAZK62ooDvM	643
1Ko7dbdeQietLTmcmXwtbNxVn3yVMVzNGg	643
bc1qlrk3n7tccu7r7sg503fvgssjx2dace8a5l2k78	643
3GhcgaAWrTqHF9TJKjaKYyg2oMKeYwYX2Q	643
32ptF55MPsHk5pp4pEeurFoP2EL69hLrU5	643
bc1q87gz9n0fk63568l7eg5967saw2uszlk6jj56gr	643
1BJAYFFzEurCkAKbDF8ecH9mbLPSmTnzHk	643
1LLcmsUno2gQFXMP9b9CZSGcYNhJaWhAuC	643
12wGGCcuvAjjohqfJt5QXNbLq8B1XGQ7zQ	643
bc1qdk327te838fz20mmjv60tjaarwafzgjvtmht0z	643
34ESqsjtUHVbaXeEnGALQFdtUFuBzvCcWc	643
153fe8AVbSedTZaHEDHpgNHyoAyjSrdbsX	643
1JJrbVY9LzgkQ17t9HZTLzonEEbtGiGmos	643
bc1qy4fhxm0vnc598dse9fcahk990x8y3c2efztmah	643
bc1q05mlfnmxvzu4gk0haeqpdaq0u5m3wla5mqjp0t	643
13F2VXwMTYJcouUAoAD41Jg3ZsBf9y1wWC	643
3B9h1GfW9tBv9YnLSo2kSSRkn5VuBJDxdr	643
136BrTK1EioWCW8afZVYaz3CisMv9gJ9Jh	643
1kE7HJGSVCL7ERmntdZCLBam8657tdcDF	643
34SMhQ1fF5SzmdVckuet5DYP7q5YSpbzkm	643
bc1qn4y2l3w9j8p87cnx7kxf3y4mgqf544qwgaf0dn	643
bc1q6dkrr7u0n92jtkp5rq76js0zstv92w938hrftz	643
bc1qlsylxs3z09sulvhgrj7n6gt6hxgsqnu4csc0dd	643
1KaNUZcyet4EE3rYMTgBTJvxc3jH1sKfoj	643
1K1eE6N3ubekgH8LNpVz4UGLuuKbS1mEBh	643
bc1q78y0melfvg56ts7ldg4jjaf6s6k2mfpvfqpv3m	643
1HvPSZCtMoD4yAi5t9KpQ3wQQs9EBcZgqa	643
155vAEM63p83BkNA7gY3LWdzuwP5ZnH1BB	643
39coELGNW87hS1hGkqMNPRPJDMYL7bQZJ6	643
1Lv1duKfM6QUnCvwHytj27GDFprzsxMXWd	643
bc1q2efyg0ws477tyy3q6whyylqujaslpue9pw2tln	643
bc1qrcs429zgw60w924r34syesn0pm5pp4hl4mf8r6	643
1ArFuCz3PmJedaYfPA17hs7HHryHu2q5N4	643
1NuTGPWWM84S5JyeVqPNb7BQn3jxgSwcty	643
15b1h3yrqrgpAcBUHAWnrN46fdvMZ1Li27	643
18ERpPTuYMNnF1tB71r3pxJhQazYyHMnTC	643
1GsWtbAZ44gqChyYjAfJcqKZDrdeSQpDWQ	643
18ikuHxvPZP4JARyYCCAZZ32X1Y8qvWEHq	643
13j4ThqimGw2ZMWQb4KZZcGnHvE482XRzr	643
bc1qfc2976mf3jddn9n9pzhzdu43twydat5x828ztm	643
bc1q3jh7l9e6h9d2jq7lzhd2udccf02gsv9x2l4ccr	643
1NHw8gvrVvUCwZMAQk1NLt1qboeHJmnaHC	643
3LHNaUZoi18tDjwfwUkXweKoZ4XBh81PgA	643
bc1qtqnnr2d6ey8xs8czhx2t7w7z4a7edevhr2vftn	643
bc1q89sskckq6fchfxcu4ks6rjzjaemxpten7wjmj3	643
bc1q9hpwwzmp3u2pgz88456jkap53a9gxnlcrn2mt4	643
1AbKpbBdV8AnP7GAKv8vXVbUm6ToJDiQta	643
3Q2iBFB2iNaYmjT9rzZuCNHXWf6tQPXnmK	643
bc1qvxvy6p2kam4u86nvtnklk66upty5shug4gx6wxg4vu87s90cs3qqajmy7j	643
1DhfjUN7SVyYKyMvfB2tCFRkjfJfZA5ynf	643
bc1qpk8vrm9ertcutuwxt8gt3g2em8fhq7l6m86jck	643
1FxKrdTcTu2M4o5WtymHn6SaxG5RWiwBiH	643
bc1q3ptg3hdem65aalgh8n2634652g8n3uguq45lnu	643
1EZ4jZqQrfo91AvMWKbtr6KgVKkVtEpdoD	643
1KDUhMrSRMh98ubhcx4TCnf8b1kFXffrq9	643
19CLvmT1GTaSmp4snG3NhJ4DXxtfQWFDCS	643
1Dcwwm4qMRqLwxCc7zCZfEpzwt6HmFuEn5	643
1C54bgdkSTqReY34JQeqH7s9zBVV2T2ULy	643
3KAsFRbTGRFrJr6xfqBGG9o1sYv4SuSK2e	643
bc1qsy939cugykcyx5m9xxlavjjw4ltgmf0kxz4yx6	643
1DQGZHnMVsxEYA1ewhxCkiMx7UaMjtNvbX	643
bc1qy3056637spez06yj97229xzms9g4p37zarxjpm	643
147V86VKsawFQbWLA5XZpkyMFBMyvwiSkp	643
1BPFhyMXuL2hh5NwFYgoCgWdPvaF7b6s6V	643
12vrUvRfbvdhp7ELM9Ldift9hQAaEfEhzG	643
19BXpkgXQfEPMBCUnCdkHYfhDvXjGjvf1j	643
1AmgEps2p73NdfvPHVmstf9px379ejeogR	643
1Lhc12M6pBDE9DAy1DG6hQRWk7Q8eVNJ9c	643
18xXS7vtyo7Vy2wv2hnyZozpuDHkdtstof	643
1N33jezsVy7mHXZujzBFmP7pNxok2VUk4g	643
1MiZp9E8X6Tz1v36Jr1mtAYHuxEK3JbaZ	643
1ZwfhrRZcytmLD941mBJH4hHDAFzyPE1W	643
1JbCf9wko5qi2zYp3fkW8hpQrpNUHXTn9M	643
bc1qtndcvdpzkwg0sc4a48hpfemja304cl7a0ezfef	643
bc1q2sv3n9w5krvp92x8693evx6rnya59ek3wfjsz3	643
3NpvNsBVRZsenuaa6zxzDBS2VVMqkhYmR5	643
1GYVqHmww16RZQQZkEB8VEAbqxyKTtmJWu	643
bc1qwvgze8v60yxetf7x0ey47tkylds6vvnpzutfvw	643
bc1qlpkh5z9pfg0drvdtq6sml3zyjs3eahlmupfupy	643
1HsthJyr8jd9fcKEkZ5pfBJGqNADZigFbr	643
bc1qu3yr0g59q3k4k6c9kxergh68qsnf8cd80vgts8	643
1G14rhrnEfK4txiT4cRPjJAdUvAkcJ4gsN	643
1LcxbnkSdvZnH7G87S6kUqWxKySgU51wvb	643
1BgnZcb6QMz9KthpDRnoHMwTTyVeyqhVH7	643
1K5yMFp6x9VRaQh1ULwJBQJs3hBq7Mes4H	643
15bYE2wbiKYbBadzdLjrchdp9Fuf8br6EH	643
1EcXSMhnfP432u7QgJ7tWoXK4XNihdCzrr	643
bc1q0c7ezvf9uva9dc72phjtxdjm9pu997xdex4esz	643
3QvRfbMvuTTA2R21UKVUYaTbSUQ9tSfFDr	643
1MpbHvmZJCxr7TpAgQrBzWsusya44xVPzc	643
1Koe3TURttfAUs69ueNVFmsiQDeHGyge7W	643
1ARfUHwknQDKEtAbSvTv2RYg6g2na9zXth	643
1aZphTvFEMpmyRJ6CUyiGP1osB8j65V64	643
1GPQAxKNk8dE9raPBk21z6X8NL11aSprsE	643
13bwe7XyMBNFj712qiqVuMMn4StQXDWZ3h	643
bc1qnazvhwtjw97f937z8lvksut6cqys3ayctez2p4	643
1Arn8dBwW76UAMMC2AFnjzn6pY4d13JbF2	643
19BQ47cguMEury8tKPt6xXfJyCPia49rS1	643
13vYyKetmPsdCd6FC9QX9z8y7kKcWBHUCA	643
16fb3tVHKNJJsWDBkfZBvEMbcb4bFT6bQE	643
16QMmA2ixnfFzPEVBBvqb5fmfMRMzzLR3T	643
bc1qtrsrrhz9vgwu94hsg6mlj3ef5cawlyyn09rkkx	643
bc1qkw6scr7xxjlpkq8ghdxsts5wflw8g45eckexac	643
131bFqnakSEemmahDDDNJgxH46A8zkSR9w	643
141M2UnkvNtaXPq6NATS9C6fmduEy5b1VL	643
1AcfUugmeqdrpFpuji8Akb1yZdqDP5Xmd3	643
1GRU6EDjmhzeWYa5jySu8QZ8kfF5erAfYi	643
1M72iYjoCvbQRG9piTUHqZKVn4LGHdv3xZ	643
1A5hyYY6C88neJjMQnmgkxciqm9YH9KFTN	643
bc1q8cxqjgeuwfxs744dd42ldgg94ddpa3ufvwqsuf	643
16hSZZ6eDoWYN13S14y8Ctz5CjpeEocFEN	643
bc1qvsnec4qlk4myf6293tewmzvdnax5qjjneqz9vt	643
1KjzrJTZcELy1AejLsTrUwDFWUNcujg5si	643
bc1q4aq3hsgna0crglj2xu92pmxejvjvnlkh5d760x	643
1BEyrmN3v1wsbsSeEWm8mVVVJn32h227gJ	643
1C1aomJZRhfBY3PfdWpPaUTTHEvq1DGrj8	643
bc1qujh6fq235w3z8l6srevspmmnp74kqevv7h4l4s	643
177U33GzSFtbdq8ZFBNPgeQd4JQb7QkfTz	643
1JoSJkPLuhZGr8iRLbDr8sPv3x8t3G8aK8	643
1FV6So49fxgjjbGMs79vUBUk9ND5hmxUEz	643
1Q9pUkMgj8zYHKi6N47UzeyDrGYp7XmUN4	643
163YR7ZCuqDRKEEjS6gDmhwBWrENNFdvtM	643
bc1qf9n2a2l7pu3905dn0v2cxfnvwthnh9m3e8m72j	643
3PLSE6tgnk3P6vL5MCEuwBJAv5KzLZiJPS	643
1NASxrnhLrnmjoGsoam8juMBY9hTcuufvm	643
bc1qeyuwhp4nqmxfnn6srxsf3y37rxjnlfdzukzl05	643
bc1qx4u6c6zk3s9r7g4879atfl8lete6ve5ukm76m2	643
1HjgwdkLDxFnCjUpznRjR6g777LaBYQ1Rk	643
1PWSUMsaJNBV2bHpRFLqiqWjVH95td3g76	643
1dhW13AQT3DwkpWtGfuZpU9RQcEZPNaVb	643
bc1qlyj7tdrv7xlz0e5fgfdlmuvnydnc69k6s5r4u8	643
1JH8WsNTN7MkT7LMgF4PvqbC4kJYnEYtLN	643
1Do3LPoZknCELuWuAxgPMt6eueuNNZBFe8	643
1CwzBpMMAynMcuNSAj4LvQthgWWnSmm2k6	643
bc1qxz8nu7ywajdh69natznqqvf0mut00fghmhjg2x	643
1A1xQ5JqnzXbaoKByL472gRJsvZL9ZsGXo	643
1DFKXqwjHAv1JkSJxokH4sjXCpqDEMdMhF	643
137iNVwdsWBC6QvRRG3xmeLJWY4nWFmnu6	643
bc1q44tphd870lu76cjnd3wrjxkltedhh45lnu536j	643
bc1qhru663452mpgq2frz9a28d5jmlldlrlwnzt7gc	643
bc1qyrqe9rpdxms57y2vwxkqwyu5g85f9f0aunk52l	643
17vd9mS8cryFyrqNqwN6yqYmsKXVSuS2WB	643
bc1q5n0qd47l4hqj97x3m47x282scuzdef7lw9r6py	643
147EYwEHKXxpa9tAsnm9XtmYGQKT56QHMH	643
1Cb9fH3e5xKYAouUv7Qy4Hi8mjWVAsLU4p	643
12gA4qAfMMPz6JXutDywBb4dtq1fdJWEMm	643
17UfLA827v47oDerBfBcL8ZHLobxUeeAws	643
1PQf6pF8uiJKq5YNi3xLi3dt8A29kPCzWf	643
1eKQ7oXg3b3s7pCAfED7ALqMjXSp5wH8V	643
1GC76jjeSGzfe2KELk4JF8MPaTvtGCskBH	643
bc1qy4hzpvf0c0zm45l6p5t8q06r2sp7auc3052rqr	643
33vei8jYwvUZxqk6762H6p78FjgJUrCxio	643
bc1q68lgtgyezstpuz949r73ql0nukh2uy9m58465t	643
bc1qa2hs7djyz4q37kc52g769lyz8dg0wtmaplnp7q	643
1MZuv85JcmpBtceT2dYt9DRBQPQFWfcs12	643
136g5GnhC3Y3UZWddSCv6Mg5JVw51P77kY	643
bc1qee6qyseh8vx3kzuzlx4gl28t3ssn90edfkwjmm	643
14FDAJn6nkCqNYT1g5ECwVazkPiLaN7LKz	643
bc1qeuf4u54yygwr58vryged0q5m7uu5mjyveqzz6j	643
15bbMijRAqBN3zXdNjjKcjvzbUMY6gBDve	643
1G3cgjPDsUtGVgEYn97CkpgQZZVUHQCoEM	643
bc1qapshcsa7na952w7hekxx5gyldwzuutfyhdvm9y	643
1MjfgYPKTt4yfBpyQcfzdJ45oXxvjZtqqW	643
1MqaF2EiC4YL1N9pJN96KUEDzUXb3T8ZrY	643
1AU6F1BLskAD2zVh9i3p755Bu8gHgLGuj8	643
bc1qs4rua2slzekzl7xt2vf855869xwy6yz7z8x5ex	643
13pSnv24qjrrJmgMsV3zGMZr6AEoEWE5pn	643
1B4ELGSZ8Wj4d4TwFRZtYuLb6vXVeqgFEu	643
bc1qc2zzyw3vzsfnc5c3wsd5t5h0ncgk4r84cf363w	643
bc1qqvhz3vynzm4fr7vx7x79532gpy5lxg75wk2uza	643
bc1qm0wa26y45wp207zf4jr4ydgyjuy0qz7d9ctxtw	643
1BGMSMVg79vkGkrb94LjyGrNYsA5s6o3Bu	643
18FDpz7phhwpGT3xssGB9tNmpPf68Zui3W	643
1SdVYYHMwG4vYM5gBJrwpRusTTTykDKvB	643
16jKCFVS4iTH8W6dBA1d1ZrRUyByEZQKfo	643
1PTpSYyjGgSNLsB9j7d4em6JfeVrxEfsFQ	643
1D75mQzZVbyUS2AovJhQZBqG2HCspNijBZ	643
1HSie7apDnntnANU2tFtcQBReb37tG7zhX	643
1E5wF2tTwCmHDxvqg4rZ4c1sAbSKuHupxR	643
3G8Cq6mUpYM3PPrUFFTBewDng7uPgVhRzu	643
1JmffVMBCBEpjivte9wgfRjUB5PicbGNuR	643
18tubwsAmFXyAiLPnyxpjrf91z53jg29Tf	643
19fo3osHdST3EN8bye6kY8U5upPmtbaDtN	643
1BrT7P9SZmdB1nvEK3XqmMFjmgvgUySus7	643
1sCsahYFkqQSQ2bLbH3dKWbG5GRyfD71t	643
1Dr1GtbLmew52RaXpFpqWcPQ215Xqb2hjG	643
bc1q2ls3mwht75thsjj3zq0c29m82exnklqu0n3sw0	643
13FH7pJXW516pzSY8V62d9KZfh8eNUis6c	643
1P5qPd4ecmrXb39XpoK4Qt5Tg3nLShCN9w	643
bc1qy5e58ygvkju94wymj3xf262dshdjz3u08ccaep	643
1Jg1VNkdrxfn6Hs76bvWzFucp4Mr8Z7pQ9	643
bc1qa9sluesaczrv0lwsngw7g49gd42ahdycxkgvd5	643
1JMPZu47PsYiTRwd2moASQW74Z5Kyze2fs	643
bc1qj4ues3pye4wjk6xjapg0g47uhn2ql7kvv8hfek	643
1GVdcnmg5NkW7WLuJuXEWDsiNJCNwDM9kU	643
1BpS3kkaGQk5SDhn53VtUbSkTWpwgUVCYc	643
157NyantwE2CeWAnv3yU9M74cY7Q9zve5w	643
1u1AKVXU44F8B83jnAxQyceEGcvaWWkbV	643
3Bx2kbwpiZfAvTLYim4mBjZLwDKBrZvi2J	643
1KY34q4HcnP7hzsaSVH11ozXsxRtVqYXMU	643
1N52FVrRe5K5g3jDZ4pvgGKU9ZyyCYTFEH	643
1tZgswm8JWqegAqmPJc3MHE9EKmiTa7JD	643
bc1qyrh6wr2cdq7hpq82tkvhs2yx63q08d29hm6exr	643
bc1qfaavpe8xursgxlemaum9t0dw25jzhc9s9adqmr	643
1C6nYUSQ8W5HhsrB2rcmN9XGh5AWPUr5rU	643
bc1qrt8k0qp287c9lr4h8qgsync8escq39vsjulrtn	643
bc1q8nx3kcjl43dmvtal6juuag82tucggjmy2l7svy	643
15HkNTnMxUc1oT13jHqx65WKMwvn86PMfK	643
bc1qjnulz80d034quw09mnvddd26ptm5p3254gz5d3	643
1JqyWwTkc8Qrqr483JUD2v2Ht7NR45NVJ2	643
15SriRrkZNgyAbpbzDjsud2ALHpvTNMADM	643
1DCPFWV9GD6a1uJau5r3VAG4rZ4nd5Yc8P	643
149AtiYqKzkyWV7ApYFvM77zKFdQAWztsT	643
12Tmtqx4dMSGrybrG2Ezx11rHUM4kZvLX4	643
1tZgPgxcSS4cAf9kKpKfqyKCdPjp8M53X	643
bc1qnjeestcjvzujs2tj85quvu0vf03awp80fydg8q	643
15i5FHH7mFwrBPyNpLhXRDkQ4mhRjUXV1m	643
bc1qnj0agrllap7tjwcyjyrymqypjd332s8smj3lqm	643
12HBdoVoDzF8cdfhPFtvxJSgi3xL4yd6Rr	643
bc1qxkyngf6dw6cvy9ma84v5a6rvnj3jw02xz7ktzs	643
1CqAqvfvoUFgDvWdLyzGybBbkjwm5ZGWot	643
1CgH5BCK71VpTBye7pAiifEyDVqYNu9SDj	643
1MTtoqB6gf3HvqPTRdVZiJddBWHfu9xAUi	643
3NUaXJ5f7cmiDBHZPXuQztbEgsRDGdqZKP	643
1L7vQoxiCzCdx2KoY6wUZhc6UNLALKBe7K	643
1LGrKThVGXAvmZhtVYexXeQBANw4kRwFfn	643
17fEEBrxnNvRfRjg7ERYQHTxVzB9HvmPZP	643
1JhqzE8jtUYGBi5fgK5TLgGPu4WABkXM9g	643
116DULzdRX12ojkt7ZYq3QQAkenugbfkiv	643
1C8tFZ7GgjkgJKqneFB3c6Q9pX8uhXsKDv	643
bc1q5yn7qlrpc7h3gkyvftg0c7yuqznq0t45j3tr3l	643
1HBC9bGJUkhimHsjBFVpXEYUzTiaptLxbB	643
bc1qcsa97g89dfrjunafqy2e287j3qn04kq0kp823a	643
1MZMv3NLR1uKnbWoSo7mCrssKE5iwQCh7G	643
bc1q86u0sq4ax6x9tgzc83jc7ruyfapglnxpk34snx	643
176ZaBJuvjuU7MJCeT4Bu6PyqdZ334VEZC	643
1NLYJUcByxaD3KH2VAvkYm5LTyox8ymwD6	643
1GYXUm4gVg4Ug4VEpYqTu5GQuxTfHU1D5N	643
bc1qefvhh4empsa5lnsuhgeglp8x0d6e99jg8n26jc	643
32ZBcnZzCmQfznvg9pHhV5jQ55w3mL2rT9	643
38YkVazdkeA1Une8VD9Y896vqLzunSXUnW	643
1MVBzjCrRrJakxfVmnmmW3TSV5YfZZ3uyW	643
17pSAWxDxz6uEuv3DaQLgGfuw3DmDJL3w2	643
bc1qegj3dc8w66knupt9cjxj2npvd263r23japmtx3	643
1CtR4XdLLXRxRfhdhnZUSABJPVZfrPb1tt	643
17dqAqgZidigYmFSutxLtmSNWRu1SmTeS	643
bc1qj9s2ndqkagzzq96arq9438yfp0lqej2t56hgfj	643
bc1ql0x0uvfdfqpncdfu6gradmfljg6lnkrcpdd6tw	643
3LMS1EUhM7dv8GVXEnjcC6zhtyt62TJLqk	643
16zc2zNLgpmLwLHdPGLTDjMAnUXcBMMxVy	643
1Ma9f6Acy2F6G2ThMe17cnjYzPZG8btGqP	643
bc1qpneqqgpq88h0h3sxzt905mgl4qtj99ar293dmq	643
3GLZ9Kj2KZYEwzp2NTM1LK9a4umYr7ySgk	643
bc1qudllmfc88ngmphknvudz0v7acvukh9c9elpdp3	643
1GGHYSnmJB3j9EEYetjdbkKNR4VVW8n4xF	643
bc1q2hr8nm39jvm3ecmxnyz5ptfwspacrhjpstr9e3	643
19riBZK7MjV4uCfFQPdbdE2ML65vpFhgGv	643
1FKYN7Cp43CBxNrBWxhjrrBPSSxAB7mi9p	643
bc1qtjqv0tjy37gmz7whh90c9cyhznc5n7rf3263cu	643
1NczRdbcfKCzXarfsxTQqgb8aqcueU3BaP	643
1LVcdqeK3Zxbn4Yt3i7Fe4PwQVacmZxciA	643
1HbXc8zRWUfztDCQ5WykpfSgUSd5SvrKKq	643
1PdhXHErE4rvcwEiw4aX6hu28yH7DQ6ZmE	643
bc1qtsrxqs08thnng5r9tc07qnvp8tz0grw38f5fkt	643
1BszYZ1D7jQHT9GPJptkuctFGMHNDvRize	643
16ifURxBroMwusuDfT3cc5jhrSejVykFfS	643
12AoCfjTEbe6TdLdfhxiWMbZi2LcMPZsVR	643
13f2jeEfLrTMPrQuen7ZdkcpGRMT9wL4mj	643
1JNctgiR4Fx4hcU3sFHSWi5T8PSFzY7SS6	643
1LH6d71TeMRSJ9gKYkjFZtNuvBWsnAbJpd	643
37ZDwnEQKfQZ8iVmQQ99TKftPrMQ93j9B7	643
1GYrJ9p2YzgKts2HgQfejXHVBxeMiJLD1D	643
18oZQ6GNswpzGsRoUCBs2wk55GwVhgtSS6	643
14Uzy2KQkPhhSnWtgbKhRq9RgrXz74D519	643
1L3Boauir3TehqSVuf5WFKXHQHdcM5zUQP	643
3PgWvWTtGQGjkSLvRqbDwV2pVbfn3wPo3M	643
1MB8E2FGZEWcPJpPBMjrMv3TzpwhodAyy3	643
1AMZDVcf1WnVEfXk9bpW5WNbR2trR1fG1S	643
15LzoExJpUYNM21aJo8t9BWhfq4yVFJoc1	643
bc1qahuzjn2etn429hjnpxd98r5q7w36tapaeam28k	643
bc1q4ycf60wsgwd0ajg78pcsztdtfe8ulqdwr22ucl	643
3DBWRDSuFSLGB31XbN7gXqqmm3X727PHQ3	643
bc1q7sanhjht8qjyu4rt8p7l7c25qd80qd77d3ll4p	643
bc1qa0ndhuegme9r5dw6vfh83wqelqffjxgw605emm	643
1Q6V9pFbo79h1MrJGp1JD53bodoj7JJfKc	643
1BN5se8WyU3WfkoLZ1DMYFTXsrLNstKyEY	643
bc1qyf5zgr3rtcuexywp7a89au4qxxkzc4s39k52ty	643
19osaEq861V7uGDrZAipVFSQ5REs217suS	643
1DBM7UF6jYPJbnzj1r6EjZkfKLEDNzJ4NT	643
bc1qa2h6qr09rx86fl9qgs2dms93fzd4gy6fpl5xv6	643
bc1qq54nwgfevxh4t8dwjx6vdcdlevv0lx08l4e2vg	643
bc1qxnq805gvvq0qfx6nm2573xes0fezrjmk305llg	643
bc1qn9d0fgdr05nxzsr7q4m43dytte3whcfv6hl0mx	643
17WcyBpRpVDhXGGLLH19h2Erh6Vpa2MCih	643
3P7DMdX8xLdeCCQUYYsK2Rc7EsbFsKa7h9	643
13VYQvaYtPeF9tbr1VsmNmeM5ugbdKCkTE	643
1B8rL3LutUR1DUwejvGW2ySh1r4CRy53BJ	643
bc1qlktx7wphs0vmptld5l39e6jckwfzlmjhng8y45	643
1Lxm5kogHxTscksQk8yud4eD2vWqJNcFQn	643
3LGKVTWnKgRtgakR77y3rb3iwcc4mmKPiv	643
31kdUcdojQKqA14dUFdnjaLrXVbrL6gNak	643
3H22kPqMTWiCCxiyYBZU7jNGp7eWmceTx5	643
1FNH4zNmEXnDh7GUEF9q9eUfnHxLUgEAMN	643
1KgE9tyjidt4hdhuyJNMGe8ArZ2SN2JTi5	643
175JZenBvrvyjmC4gA3aJs6TMQEjYv3mQC	643
1Lm2yqjyFLFfo2VJ9Aztptk42iG8GtCaFb	643
15rvXiZ2L8TbCETjN2nTvHREWdkGvR1kqU	643
1GutGTCArwuByhvGJSNspQva8BLbvrDsyo	643
1JZ7u2XPHK1KSePang3rsSSxWBttZZ56b7	643
bc1qkastfsn4djhl3m3w3j354gzmnkuz8n64ml22la	643
33FWwUqyJdK977wndzB58XD9geaepuJua9	643
bc1q3gvh3qxndrexlqclsga4p62agxz99zpg4vx33r	643
1Msa83nyhjTSjLuQmKx2BcCoWvJwGnJUL2	643
bc1q68f0dtvgjdhs8upz6lmsk68qkhhjye3ffw050l	643
bc1q8nyw6er0ym785uld2plre0sqhay028fhyea84d	643
19WbRFZWniYZaHKZEpfBReWWUBaSyqZrUb	643
1DvBhQbrEHoZsg1dZ7BDahVi5eC5HW6DUJ	643
1CnqFJarpRWd3WiUv8TwbR3947afFp6rSq	643
16dqyuR62vzvjWmT1VmBfiJYXtfZ2CjM26	643
18Sbutdk87CuAXhewhuVzgAYFyj9uAhzn2	643
1fZWGGBXeHFYXKrj6KanTZmHZm8ScC291	643
bc1qdvpe0vje4xv2j23x9p7lmhggyz0mark330cd03	643
12h5ckdgjmVPDUFmfTXGZ9cdTPU3sTtWPH	643
bc1qumy9cj5g458h92uknnv4c5342kl7eefwqkv2jd	643
13uDT6jySGbKZnBRY8bXg3Fx95wFzwR2x2	643
1Q9QV8wLHfg43hHwcLGrdxoTuPN1urk2mX	643
1DEVU69a67VPkCsmhDHFWVS8HPhcbP5mFL	643
1DZcS9ubVh66CM3nvXxHvuj8Qcbnxmtk8z	643
bc1q48na4lzxc90rr6vvh4cdjfs7hp4t7vjgz2ac3y	643
15fcAWazHsCeNwv1DqakMXPk4KkoNCRT7B	643
1P3FrdXtZuyuT5qxi1N3Eu3huXK5rgGFUz	643
bc1qmzrcmdcghglu24jq0jd78utzgx7l2axyhk7f7v	643
1Gjp4ah1MF1U9oUxacCshwjuBB58MYkPZS	643
3Nbw3EterWubSXKyWqWrukAEL4o1NoqnjW	643
14UCUXMvG7PeZPdLGqrj4QBP5R3BBE1g8a	643
bc1qflj8xaq3y5vnayqhtvfj8zay2shtg8zag7vvcf	643
19AQ2RNRrne9EZPKsRrkhrKZCoJ6h6Ufbm	643
16ByVAU3uCcqFAiJ7xuzQrp5YTbt3rteJi	643
1E9hmPNJ9Z1hBEVu2rnc8Cmg3iE7PCK9MG	643
bc1qnu4msq4sgxa4k0q98wjdhm5fu8vsgwarnwu292	643
12JkMegMFiLJeAjZmz3UJy3yyirBjg3Lky	643
1D47RDjewCDy8PL5mgwS5p3xLT5uefMmna	643
bc1qr0zegf490xwlppkfanvpza6nnflpws9vyn6dhc	643
1849qXrGpvyA26afRUm6utTPe9LtMkHHcg	643
19J4BFhUpd5Qt3nQxcfTasJG8uFcEeS61y	643
19MANancCNzCKSbq9Jgo3AqXUyEY3PAwur	643
1HHeBb2vgjMUkAv1gns3EK3LcyJ7VhEULb	643
bc1qeg7ttdsvqsgex3a2jcxldv2v6vw9ps67amzfnr	643
bc1qudk4tv57zftjum8wmy70lc55sftl93k7hk38gg	643
1Gz4h4eoaG6z1b1MSnF1vwm1mj2psq8s6B	643
186JnkTuipView6C7zevxvaBjWW5L7gogb	643
1Bkqufyi7q14bcgoEs8WsH3xgVVVpVV7dH	643
bc1qc67whhhnr5wt9y2d0ugwp4tr60uv5j8lxypkau	643
bc1q7gcdmz7gv0kdfa6ayaetxxwyz22cekreq74jdc	643
1142EjtY9fvNTs3PvsCouSDmteDSg1brPu	643
bc1qar20ezwesywnp4v75gju9pj2cenyvks7gwg60j	643
bc1q4lquwu3fjg2l0ymp3tu5m6vagnlp6gwy5wavp9	643
1PwSFALww8g9XkSiZn2A6QJc7dDaqFjyJU	643
bc1qtvtte57zwcwh027243jh8hcxthgjhlya7llyly	643
1Jee22ZXdifMoLk9SkwDT3xprmELgSRom4	643
3AG1RuYVHkghsiYcPkRD61QVEp9LQAmWu2	643
1GfRZX3w2aHLJ7ihtceAizE1kMKgjHdsgc	643
1A6A5Aq9WKBRg9JtXX91dbjDsBuZjk4YUE	643
12yF2CjwoJdshiEmAxXxbvJDDCnxQP2VHt	643
bc1qtwlg2ljcq6zdt0frahyhqnaxwuxmpkk64zzttw	643
bc1qqt7jhw8pffac5u4f2clq8ehkn8cpf7sf5q0k6y	643
bc1q59fu2gm0dtlc9ncptywfmmjkd8wezm9qg34xqn	643
bc1qxlvtqafsucnwuukt66tjqmddtj4a7rqvnc444f	643
1NLcGt9eAuons1ePX224WVTPU3CTyfHZHz	643
19SBXH1p1Tfgwqxe9WwJR2LzscB1C3gZuM	643
18BQdTDoV4b9LWzHYewxdNpZg7ywGrvpYA	643
1NyxKvqo3K24LaTyRVkSg7XAi3Ar8Rzi8Y	643
1JTizWnFh8BXiLBZLLafhRpGZQQyFjGVZc	643
15GBAugrNwV6kLtcp4tQGGq9kZxHfvSdGh	643
1JniDacgjDMc9HX18aA3GDuQzDu31LW8tN	643
14pXLZYKyLTNsa8VZ6PLiNZHw97bgQXUFk	643
3C25BoeFopdrUXYbihTiu7HQHEJkDS5PSJ	643
1MC6YtVXgqz4EC6ssVMA6TpoXQ9Y9c4nfX	643
bc1qegpl9flmtz5nhqpxq4umd75qkss06smt4js6lq	643
1CN7C1RYAQnvCuEx8eNun4RcaN6EQUPRzq	643
bc1qs83qqh387l382c8caj47rz9cytcgy7qe3de39h	643
bc1q4ghqkltaxngfy6nzsaa29hexlms9hj42reuxan	643
1EZue8tUqYUoKTXpSdNaiQpLkjH8KTmB21	643
198Eeb6ZiKpEFYyiTJQLsNSYjasBbFWsLW	643
bc1q6skjr76s3pwyjuu268p6m83pc5238sqcn4n7fa	643
13Kbg5dGx2ND2hbwHXQvPTn5wcJDyRzbqj	643
bc1qu38kzge26nvhh5gfjyp9fvtv4euf8ad88ttc79	643
1JA6f4CByRkJmdK6GQ8qK2zxmWUPR7gKL	643
1FhVB3uRfDsEyR4KPzBsa7Go3Mngfzc4gG	643
bc1qrdm0y8580v3559l4vqzrefhqtkrvdpls7j7q4n	643
18D1E28pn3p2Bc64yovGaEsHdd4goU7p4J	643
1Q2Jym56z4F43UVhEHfjNR5yz4M5sgRVu3	643
bc1q5uudactghr6myk3yf4jwxavja06mxy7qdttts6	643
1CJYKXTfNNxB56x8iRFGENU4Ax2asz5vUA	643
1Lj32M3G4pQWnCfNCz6f8wuuZjfziPWe59	643
1Au1vo7KxEM5GbCQL1hmV8ne3PxmNx4UUo	643
13BpL2mq7sn4Jiqc86AoMiFtayQgtoZr2D	643
15VShhNDAdJUumDxcBDqvMDG5jUffNc7S3	643
1FzbugKh64WTKDYeYpLVvVY92Ka1nuhKSU	643
1Aasa8484nyfTsrAApjcVAtpb7zriruhSn	643
1A11PzErDGbLLgBYsBq2Cb5XmtoDSnBruD	643
1NzhMa2KVAWor6zhKAt3kpxCvajSwJFsjN	643
1EASoWzxk2gEe3TpVbzGxsAp3FzW1GCJTh	643
1HiCD7QKvV7Qyxv9d55N63uw3jPhRqbSxW	643
12hoc6J1A24ygZgXLngz2hUf6MMdFF6b5e	643
1DSLWH8j6MZdJhcogLSkf7XgaGc6KK8gWf	643
1Mew13PSn9ZWoYW8NPJ4a3SsF9yebCyx7c	643
1Bc8nwPRke1PfDxH2Rbm9mqTrgCzfUb2RL	643
14r6pAUyXT9rxzr4XSBvyYrShucVPiYACa	643
18tsFXuFcGgAEQvPUEZ6hcs3RJtPhg7mhR	643
1KNi7Fnp3PxWqpcYsEHN2q2HeaP5NH2z7s	643
bc1q0q66cga2azm2zwg4ywzv3uar4jp049ffw667lf	643
1PXkzjkCcp6stGFTNgxDuT59UrBceRV8W4	643
1LPfVqWLMmUuRuwFA47pHbbUv6zyhR69ZJ	643
1AmYGaXWkVr4KroUg9QFQHRSjDtvEFtTkh	643
bc1qnn5jkaahgueymztvukf6nq0dkp5l69aufv29h5	643
bc1qp9z69d84y9a2h2qwhqwhvu5p6pjpkxpak2w5ur	643
bc1qfma04ut2rpsuc6xpapr6mrgdn3l5t9xk2656u2	643
1DS9iYWAZbmtwm9QVAiDUd75S1ThbzEi7s	643
bc1qj7ag75spdspk3mtl8qncz4te4ej767fspefgzg	643
1M9CaWic2YhMTY3SGYCcPDSCMkqc46bBde	643
3ALATGGRwe19bNr3PnTd1hneCgVEBEXQhP	643
bc1q7f0fc7xj58fseuulylkg9vukpujurue6kzsppw	643
17mtfQGRApudw2ZULuGrpLamuHtxWYsnKx	643
1NJGdpn8d3KQdjZZyGmsuBP2vJaboSEGw2	643
1MA9KyMv6eeRqd2n3p3MyGYSKPiesPuUfS	643
bc1q42nrpdmmzcecekr5t807rl4hjn9pdze59jdcug	643
1HAg6unUVNgkQuHiqy4KBVBMugDWHrDzZb	643
1JDHB1u78c82SUm5ESfnkbqFDoHMXjbKdq	643
1AoxVf9Go7aeQ1BQbPpLre6W7PBcTELjca	643
15dpzyEHry9br2uywmWWE3W9xgFWNXByLr	643
bc1qtc2xsyaqa89czudlka5ad07529thjlns232az3	643
1GotFob88V4amMnUnwRyrPrjXBHMrnDpTE	643
bc1q2yynalg0nzsj28enf92ku9zn3y0a466pxnase0	643
17HyuRQ57VnBjDtfKdDd8QrUczDTUiUoV2	643
1MUhEAebuK6C8gu7KkCnpAYaWhfFp137t	643
bc1q6adcjawrm0490emt7hxprk7k9uzahhzu7qtrt7	643
bc1q5hnqgeexpkv4xem00czwl80gnhcna9za7vkqvl	643
19S99zK24VEmyYS3uQbr52ed4DTUrPW2KG	643
1GPLUmWkxC4wzf5waNCjLE1oWovgwy5jmR	643
1Fq4utavPjiyqEtrUq9WLDfDsrG8ZYJcp8	643
19zQB5E8a71GaDbgrEPMTxpsifiFVwf7iH	643
13e7kdn7qwzVrgJpkJjMmC2Lm2i6qEC7Ku	643
1En5jkYTJx8ZmAt9A2ncptekxuEonrr69C	643
1L7VwEdW81nPgvdkjCcsvWpByH9xoZzetv	643
17vUyWVebbRDihhDoevDmm1jFPBiG9B7an	643
3CfnorfkfEZN79xkoiFqopzkyFN9RovMUE	643
13sFkzsiHzkqBW2og1nJGhq5CJnYfYXqpQ	643
13QivdBdJfy5X4CYCapU8xvj3AdVZLromA	643
1KZ5QXKvUgTPve1kSNYwG8NNEz96w8AB1t	643
bc1qtr2dr8sjpnax7sc9q4gxtwwcalm9mg50mvn496	643
1GgfUcMnfeTAtT6nUd1cbiY6UrwegB3sKu	643
1Q7cTn6PjTaNbHwQcwDA2mTTa695j2y874	643
32DnaakYGodrpzMqjgwYHtStKPjU7yQuug	643
14TUkVyQFWvKsqPPWheFaQqx9nJNPqDYBR	643
1Nqjvsb1L92FpZhiP7aWRceuFQNrm7nZMH	643
17urbkPYdcG3EAwxuasDz4FeNHGHiiUJ3e	643
19PbKioEv7mFA3d4KoDAHYXAaDKZTsD4zd	643
1AV9opcVEL8q9TypXNu7kiyimBwR6TKi5d	643
1GDVsRnngHn841UwsJD99EeQag6CizVsft	643
18ahCgvenjQa6G1FHzUtNS9546VudGueB9	643
1EC2X2WS688LgpSBKNPwjRcZqWiQGs8mg7	643
bc1qawxentm6uah2hkfusrjws2d3493ve6htzryxms	643
1NkbJoxQKrK6VNXMnXNJEcWiG1UymFw5ky	643
bc1qmn4y6gxwyvszxdxrgg3lvlcszk5gmh75f2zale	643
1KQwxjxPhuLoTujQcSBdAVFrDzUpRjjTts	643
bc1q04jjp0v70u2zmd9h9ld7whx7qxw8pjj7vmrudx	643
1C755UzUuiKrQz22N44a4uiciiEjA9eRZy	643
bc1q0sh44sf9ugjyrh3lrk455kpg823f9l6fpqmqju	643
15ZRwL6FNCNTQtvwSpBf7jAdfo19JWs81X	643
bc1qlam4m2l0muvxw84ywxcektkrud3jmxxswj52sz	643
bc1qscfg2zc4a2z8g98ynjtk4upmggsnp8umeg9z86	643
13FTs9dg7bnXMHuS1o9iGTygGBT7a9shQK	643
12fLBXSbQN43FPJuyuMMWWzZey3fdr9EJy	643
1LbmFimZJdHKa9G3zyesc3WzF3CH7JPAQC	643
1DUmEKYUFtJYsZQc54GoRaema6oANf72X	643
1LiEW7demF3iG6C2GBCuzJUZiHsxA9wXwy	643
16p6R5uJSVTWGMGKScbvbGFX2XaQvJFzq1	643
1Awb2Mcws84476GudC5DLxen1pD6MzGJiz	643
16dSGuSccw8XT7tKzHwx9a8eoDLyrHSKL4	643
13rHzxSVayb7jfd8zkMhjtcXyXRkQt58bS	643
1LGZHaqnegLyA1YCjsv3sYN9vHALSWHCRF	643
15XWYSdcB9zWPEeQREVDyaccfzhvA5UU9f	643
bc1q650x8u2psqglduy59380wr5qzyvs4a2ynn6nmk	643
3MqncwNtpmFLAEazypSJzb8bwHpWSbQCUs	643
12ZatZbSWYQYEnWmKxz9GYcCPSk5brcnad	643
bc1qnnlhk03lwpc63x95pse6fw9rsvpdz3n8jumdxn	643
1CxA2Vkn8LUVVs3E8cetfEo8nQfJC7LkwX	643
1ML6xBv27xuoZwkpR5pxYQMhgqxKVzMsPn	643
19sehyGxkJB8yc7T82gpZ6xrBkkdRGSJvg	643
1EFwGJYUi7E4xJajEfVfDQCb7gZuUAsRtC	643
1L6ptJV8GMHPEUepoE4yGxEWSgqKwEe8pM	643
1KaWc14GaNC8RZLebW8XH61qooeYT58rbH	643
1EFdWhW1s7MNC2c4a8LidDzh5LwABxWsGn	643
1E5Gs2qA551PbGFm2TsPZdmWF4Yvq9fxgS	643
1HNoMqX5htH4AMMWdnh6xVMx1HR8JmDFL4	643
16yscQ1vhfJmafeQz33hDZyAJ3EW4rQg2c	643
bc1qaqalpx4q83gydsd3aw86dgq00gfq6m8mwfvdwt	643
1NGxNLHLJR9NqcYKLs7ybBR92DHgsj4ffp	643
3F9YkdcMrLemp74dBteeVJoWKUGC5krJqT	643
1tStB7nNAt1t9FkFWvyxLqfTkWovGmyjQ	643
bc1qn3un54e7mk5qs8s6ccgmyzjud6kfd9xa8kkdk9	643
bc1qsqpdkmn6924m5c2j6m5vhdswuevv2almatw8fq	643
bc1qt596r3kg0t8l6caffkt7ys84xtux6kc05n3k7v	643
1MYhJRdQycb8Jb4wTb2qezfwuSwqasYCJt	643
1AtHDQ1LZi3gDU6PLe6rCt4gajvGRuY23J	643
1PJoiWLBPnXjGL8nuEQhmRPN9iAWYz56Xw	643
1GJiPVLfGiaPy5mxPh64SXH1YQAnFAkcdk	643
bc1qzvl8g5766zr89mumaqx5zvjhkjderq84zge04x	643
1EBq7ztWRVmknUEg4g77UyafiBTYJE1siH	643
bc1qa58xg9hc4y82753p2evxr4w46jrez633ns8mxj	643
bc1ql2afj93fs23keyze8d3sc5mfc6vx6vy7rqrj7n	643
bc1qwwfgfrjl8we855llsu5hudqh0c8qxn9tdm00vu	643
17SavEA9QK3KMhPQnxPMhtPXn4pJEWKh5A	643
3BLQjnsTYLFjQrnKSowr7PTgfze4tdQywN	643
17FioNU81mqHkZtf4CqJpsVYTsbY6edRAb	643
bc1q0d49gf7r4awy0s0t8vzxcxrpvq5rqaa4lj9yqc	643
18vVN2YwJU61u2e1TwGszRNKDoY5LgnwoY	643
1NsvGWuK6gusCMzPFbdYvE1MLdTL3is8fm	643
bc1qd0puz02xzpfwrm9phtwz4vykn2e8yufhyt23w7	643
3HaLBKoKpXLRwV5iW8ZKEEojsm4Stf7xGH	643
1iZjjRT4D4VrggSXNNAUPppaw324smnXN	643
1JDZ8Wa3tih7cSXQ5GPJNittKoSW9WE5f6	643
bc1qhj8d5chxp8ffwfej9n9fxz326k3vuzc3cz5mck	643
bc1qyz2crapz62yygzeu9zwgx8667d3qfn3n33jzpm	643
18TiiEsBJK4UrNW74siUR12i22Fg3Vpg7N	643
1fjZykR26nPVjaWX6z82zts3wYaMVszW7	643
1C7sW1nWMBXnfFj6ihjRiv3AZYPUdXb9Da	643
15PLrx41DNCMNy5vNenkAymzM1mEUfouy2	643
1LQty5Fj1U1WYCPqXHh94QbF3JnbXG7pPS	643
bc1q3wxzvsjahjhmqq4gx27zhsk8dt5hxr73vcs8na	643
182AcoWCeaKuhG6yrDgHrLkQytQW5zuHBB	643
bc1q4zqkwke2eck38fqh3987s42m32zj5wtt4l06fc	643
bc1qjmx9zm3v9pre5hedfk4h08curntlqeyd2lxccd	643
144GQwBCjs6BjigFeztB18uxMfp7qJFPsR	643
1H3MnDw4obaQxe4RtSyWCbBrhTXZaAHTQu	643
13mHfLN5bmwCS3nrXDQnSAufzbc6Ek1kXo	643
1BUKBW9wmwEGgZj5UjDEkmtgfs16bJqGsa	643
14EYWWhqoJLqLJpMmoG4HrDkQTiSPGo3CF	643
1My3CPqKTBh7bmpUshnXbXaiEFXxqsALMP	643
bc1qwwypxm5u0jq9dwuqpm4pzjl65smkgt3j0xftul	643
1MP5iM3W8ou9ZHBhBNrsHAX2MtRrsgoDF2	643
3EccTTVf1NfVsY1upAgVHaRhEDUW9awU49	643
1HZrFseRSGNdyhX5uGWFzR5qc6aG93YwtP	643
1Gc3cCMNCy9eE1enQHKCckqgb6mzEwWAB5	643
1A8JJTMXgEUHnxzLTX9zYpXMfZzzAKbRhJ	643
1FubBxQMTDgu8Fu4nFuYAK42j1BcrvGJ19	643
133qQ9neQ7v1p6VyuANY1H3d7ej5T7ca7P	643
15noW5j9KGSHcXJ4Rr7hQfXw8KnnPnNeWL	643
bc1q097qd7vcgrhzkpls7c8z3tsesu6vav8u84n6u7	643
1Ah5FyjMoutDWLSBWihNgzSXwVwzTDTK4H	643
bc1qvlhf0jp5j333h96ma9kte3mm439j0kzfn6mgrz	643
bc1qrs0eff3jr40m2c6jac8fg55f6gr8q8snr9dm87	643
16JsZDi1tDoDDpXmGuqn8RWhHCB1i7ELYk	643
3CUtxegeXVabCDdSUsAZRjPaGARoDaXVZC	643
1E5RtT31hu6cmHacXEuaDQqBAqX8XuKdYt	643
bc1qflhahqx4aw3e4m4zzexnyqw4m6ceqhzmr4ty4l	643
1GMMzYo4qPjFnRrrJgX9tiG4cs4ciSRqP6	643
1LY1ovHJRGnTjvoRCuSix3QU2AYoeXkzpd	643
125mgdiDEbuMKBYHTNwEic1o8mVtcPpahy	643
1C9rRNaNWUB4yEKNfviVkT12HPHVsDE4N5	643
12ATqKzcmStE7zN5ba6c6jBqE873AANMDZ	643
bc1qqwqeeu7gcewmdn0lathqrxmk8ahhq9hdfdxk73	643
1FLu1xr4BsJfiozEwxFV9JJAttG6y5MUHo	643
183aBf3iFkxhhRipqYL1ipzwMGYGLzXsvP	643
16jN7AxB8K4CbHFAft8xDR5n11ZXP3CCFf	643
16QZwvvJVjwAgt9F1YcjCCqRp1wuDSJeQh	643
1DhZRnUCxQAotjTiRhomtDjQBqZnNdHyrZ	643
bc1q8cgs4gx8g47qzmq6s99dxep9ef7rya94kla3uw	643
bc1qrrtq7khvr6z6uswxlur5sdrn6upnfndqc5qtqh	643
1MyHAEvBhHUNsKzVXgkgBVNPpGSEhzGJaP	643
1AA31aCSp9NACjjqQyuH6jDeFTcm1py8d7	643
bc1q6auwpu58gutdcfr8x4426kgn6ed7dcmd2afydx	643
bc1q0q648ad06gk392ctqv8tzpf3q4kmhtnkx4ya75	643
37ASg2jkLSCqCPst4iqqVLiAkJjwTttygK	643
bc1qc3f6rmrc864v2tjwurguvs4wncl4yaktxpsw42	643
bc1q6fsvxzyeyq3fz4aw3rtrazzm9ax96j3ejqzf8f	643
1GbEJHGizJHcPaAwq9BdReVeSYMT2axLLh	643
1Kuquj39n371HKeXjJiXF7EJgwuGos2Mc	643
1GXq5ebJg59mGrXneX2Buv5oDXazFUVikP	643
1FdsEmAkEHmLGzGVqvSbRtuNyyLL5tqWRV	643
1LUrjn8WrmxCoja9XvsT3QrwyEZcHqzUii	643
bc1q7g6f28f268x0mcytgv9w7tw048z4vyg7euqxl7	643
bc1qwr0pc7wj90e0ze8922uzr3qusk5hqnxy3rm9vg	643
1FEYDWUFkEgFTGDYYYYSTPjMhNMLF2j94Y	643
1MDZegDZUmhE57S86TgA7DZVNvqiGRseU4	643
bc1qhdpju9wsw3nas6st2u0xd4heaz59fqvr2pglst	643
1GsT22XdsgynbsLmo97nEVVEdmEV1CzEBT	643
bc1qcvt0v29wvamcx8ra4dena7c98f7llcqrndhetj	643
bc1qw4nkcscqy4kul47v96844enp6t5485s7gpw4tn	643
1FqkNBt9jmf5u9BdrEJEJyGNpLqmQUgYEe	643
1DomxvJxs1TmXUytVMcr2HCriNyAHfu4PN	643
15qaumH5fTLCzBcKTvxpbBf48AjHuheLC4	643
16z72b1qKuMModZ9E4zMfJj4YgrG9nzaC2	643
bc1qnpc36nvkkrqf35adx5nj86njcenvpkccfzv4v2	643
bc1qg4vgx26u8589p5tyzt9ruwa2xyeln47ld7y5va	643
1Bf9abmT2GsdxcVyk4JC2J2SHSBkm7ctLp	643
1PS7F2aeYi1Y3BWF2bb9br6g6Zpez4Vpsd	643
18VY7g6E4zTQ6Yq67UkGcnvTFvzZTPF6YR	643
15DfnFcLobxHM6DbjnfeNaJ5Mi3FunavaB	643
bc1q36rh6d7g9q838mr8e29wtuuv2y8d3jz4hwx94q	643
bc1q0g4h3w07v8f755csef7q5f6hj08vw8mceyrdpu	643
1EMc98k77zE7VhPXWDWXM7dkC3KCbGfJcm	643
bc1qqezexs2mdspe8dy5e3rz5xc4zqu7n5rc6pugke	643
bc1qf9tsz3p4n2xfdg5z7heg78smc77ez6ydhn7rnz	643
14usY5nDtyGX3nJZm1ugL2VBLXiPykvwdY	643
1GWfypTTrH8qdZoyYnayyAeixH13ip8AN5	643
17d147gaCKAqxU96HFkXHdog5ZFkZNkPHv	643
1Hf571ihgUAZYMx96chCBCPavExAAgCX2k	643
3CuakTL4znwyxREhMT6FZnEiQpeMNNKBDw	643
bc1qk5htgy6xfuzzkvzvmznp9cth6m5tm5ltcwl00s	643
bc1qrsqypqd783yy3pete0le3smq0jthtulq5jth3n	643
1NQAphfW6YAtpjotPYEFGY6uFXZyZZFBkv	643
17NwAj3ADxPvzmdE9odHuyQKr3XtksUoAZ	643
bc1qm927ay6slrmpzhuaxsfu8gy9aa5p3udndm94mx	643
1KaXRk3Mdsc3mjAxZH6jKaL2Ro4bVqrXz4	643
1Ejm924AEM91LFKfQcJPRyS2BsjwNtSX9f	643
bc1quvlcurl4u7y2m7h9ydvcyjluqv5r7552sj9027	643
1GzPNMrNuz6p81xpJJveShuubNunCGooFX	643
bc1qyc34q29c3adnnya9ncgc93hlzvjrh67yw8wkw3	643
bc1qcz7qqljarnvm873qs8ct6jnnkx9k5l4prkcq90	643
bc1qtvlqz24rjynszr3d27r8xjsm320ynzsmkqxhsr	643
1P7Cj1tUBLNYnxH89GUDCQCGSbLSzQ5egU	643
15RiGSjDWs6CYCqjZhxwC9iZU1S8U8uyFa	643
bc1qvextlct65mgz9l0qs6uza9c4e37fag8k2ey4jj	643
35HY7EVLpsdHNGrRwqAMgnLDKxDKmyXfyb	643
1BKcxkiyjARzTMQZeGtPG7wFK2FewctMk3	643
3CEVGfygrJsBv3oZaA6mtj3ffVSWertfgr	643
3CEgBesEDhpyiBQMF7AkZLMKdoW98Wa77j	643
19JrrUnzb83DfLc9gvVTSqapQdG33yX3QJ	643
bc1qj97ev2vr79nwysruc055hae4n44kztxnzud6al	643
bc1q6x9kpfe52zv7tg62lcyxchp30y9hkj65utyv8e	643
16Nyn3wEFEge8f2H9Yn7K2Z6bnK4qzvvHz	643
1Ew8rMuGbCRQqsxe8Udzwur1vrkQdgVTrk	643
1C4Y7VRiwZhtBrowWRww1WKNocYCic6SbW	643
1F7FFDghbv7FFHEQU61VLmWKU4Hp67YD2q	643
17wqf7BF9FSBPGMJFzjBXEkSUmVxGEPyqK	643
1M246wAEY7PrzTS9F2ESYDwcB6d2hJkSaq	643
1CxTpP8Rv6n8kocRyGXyxJanype3XtiHSu	643
1AMaHAZ3zCR35jivfi2hHkCdyE9pKUdvra	643
1MnTcFdtrAT2BskAVCK6NBGqb2KqArApuR	643
195Cvq5VJnyb3ifWtTbPYrNFxxJfp3zxJG	643
1FYEACmJ1HNT985RJmbEuZZw4EhPHRBzhq	643
1JQYU8vYaiNgEEpq4qwAxgja7JA5ehGWu8	643
18sKh2kL31KC4Td3cfmrTDGQze3bXf55sK	643
bc1qkgjfpek60z0xs4u3f392k6w34vm4zjrakluwq4	643
1Bj7rX3CmRZ9cHSaF3p83xf2aRLV3Fw3JA	643
1Ma1WD4xSdpy2iBN4Zz2NDyMneiHB1YVuy	643
1CuLJVPqDs5y24fTVFj6qw8Xi33mwVzgZm	643
1Lb8k8Dfr4TXR3g91hJCcrBtEr8tdVNyzx	643
bc1qscg6s2u9gv9jgcr78d2v4ens2rn4zssxklzwxy	643
1P7CucwKtqR87UgoaAfvvkkQuSzfY2DmUf	643
1LiDhgn4xBUBbYjdzjSMzs5RRWLVVswPDm	643
1AoqjiYUdKkuhzyYkBBgnzvF9YKVrjrtqc	643
1MwNmA2sH3qCQ9weZqpvim79FBoi5cxP5E	643
1KeZ1ePAMjFLFhu9m6m1uGw8GXnMU8mZXy	643
1DndEJaRuA79MNCWpTGiroQ3d9G8wnPRbS	643
134yacfuWYVVEGESGBkzK1cGz7MVc94nXt	643
bc1qhle9hys9jn758aqv46u9cww72sdmcdnekhee8m	643
1AX3im8vWQ67t1nrKczVFgfC5riwu2W3uE	643
1ASYYntRZJzUfhCb6qKVn4UAhdmax3JcXn	643
1BNSazooDQzpWKywSfA6x7yGxSRKEi1rez	643
bc1qak6nf0c8ay2zdt7gegjy0jhdgx58hm3gk7q9rd	643
152yBZs3EijFUw7YaWff755JCeLC6CRgyt	643
17HxtRZMiBcg4t2Mx4xwiAw25WWyD2sL6t	643
bc1qy3qtv0ww88ur2l4dy8q59dygnkh6fn3x6mxmnz	643
1DUpmb57hjDqDojzSG6PbRYE4p2XzVXmUS	643
1NTs87STBBnbS2qmxDEmDEc2itST8FdnUk	643
bc1qxcx5nqf055gyfu2qw3wjelg9ndrwu7ygp0sf5t	643
1DvgPvn3wNY8qLJHtGv4hVGZdVC7aaLEBt	643
1NDuQ5kTQmQ5AX1K7JrCyCqm65Ad2sg4Po	643
12LDNrTFqyq11ptvUVzpBjZFHv8dw3VYET	643
bc1q0lrgh8a4uatruk88cwfmku5vamtzce6pwuwek7	643
1CnssfFBVdMmukcTxPxxGZesxefKY7Z6kA	643
bc1qgzhzk27jh7t9myw8g4x76f0asjqhw4z665vcpt	643
19b4vNhXLv5nWa6oa5PDYhoLxsx9jXJ9Gx	643
bc1qjpla7tuuwdrgk6tpma29ujwjyln8e0mtg6syuh	643
bc1q9zles23parv552z983y9nk83v4aqrccr6cx3ka	643
18DBHopgbAY9T61E1Le8uegURc1bYTm5vw	643
bc1qzg5l4hdhclsryruyqyz3xqx6e99vve5ehs9jmt	643
12hD8jPYSzGHFfmuovHaPoTT8S6vco5aXg	643
bc1qlfdc7tk6s28hjw46mpj9yq7zldszzscc580nmg	643
176NFke53Ruz1sbwHTZuchMu4b4KXeJ18s	643
12jgGAC5S1nYF6ue6z3Taom4B6LrqmgbZs	643
bc1qvxc7gsehm3yk29q3lw2qucpp20ee2lwd2ncptq	643
1K5hLfTSeWusz83Gj374ghEfJ6qpELRNGB	643
bc1q6kpne3y9kuxsgaq8xg3v074l5s70zl0dtxtncl	643
1HHBvRVmcx18zMgjpBFhDBAbvKhZUA8RoN	643
15BJeBsFQvAPKSy5aPWrAYZBGCjZchsZx4	643
1Hcdrvv3Lq1w6oDMka2jCPbywrUwmZQc8Y	643
bc1qed5s7hv9nq9clgftxkwwhyj7rkhufn8rc6l070	643
1E7DBftNtnqbCTPhaubEvvZh8cnPvWieR6	643
1HpVcautF591tSV6SLEe8Kb7JE1JZkBocT	643
bc1qend0z57unrwqmul7p49mr20vkame8tjzj5xnd8	643
36QNPacuoydVsJrQLoKUjwvepGqnMBueYr	643
bc1q5kw4csuxdayjsjcma77azk2f65nup8uf049zpz	643
bc1q9ls8crk2v4e6fusm4t04r6dk0jp4awmxaa2mma	643
1Fnv8xSkk2ZJ9zqPDweRAk1iDjqnTUcegx	643
bc1qh6uj9tgdvc3aj6jeguwecwwlzgvmxa5u8cua0u	643
1Baxf1VwDZxCpdxzY4ywjkcDGMhGUCJmEu	643
16FzMwvEQpsxwxVYboApaZ7XZy8Q2RnwG3	643
bc1q4uua6m3ujukrcxzx6r8k7wj9g8ttpczu90wyvr	643
1KrEd8RSsHWpvvwfhv1YzcgbX4raTpFMDk	643
1HySor6QXWg2p3cR5ZvLeEdboyRp3Xy7bn	643
35WmjSioPAE6Vn8UimBtQttVtD8JAvb9We	643
1F1HtYfuqTWJfZXYg9dkFogcCnKzk5vkRK	643
14hacmq88awNnDke8GEiLUPJE2PPKefNGE	643
19RjNA6Yr2irJNcUHjxmNpBQMzWKVWt8Co	643
bc1qra6lrarpyjeexplt7r658l5wdwrkzr7fszpu7e	643
143KJ8NdzAyRRcugciWs8Uiwfq3AW6zpKM	643
36rgXxnA3CcA1rgoJELon2T1G1zW3Ncgkp	643
bc1q9f2zz275z8q2padun776epaatmj9zjj3v9whgs	643
1PrAz13eMyyXDyYKXdKZjDZ5XXYM5dh1x3	643
1Bypn8Cymq8xRbtLdPyMz4ycMzn5SgJntK	643
bc1q3ngeu86twn6e39dpp3su4prelw49ap2qp2epz9	643
15sf5ovf8mXnytAnjS8rKiwWazHzbFG961	643
bc1q3glwslmjj9twkygfuedkv04vm6w5n8gdh0uutn	643
bc1qumvup44jfat8pdew9sjuxgndv4pmewyucl705v	643
3EnjQ3z6pFSAM9YjSoRuEneXRAE3HJqFhx	643
14DVM1qfznRaRvhQcaXuVmDZKVFRZ4T5KA	643
14rihPbv6zuc9i4RhK9e1ZcxKGgkPYGhvs	643
1HvmPEETk14DerY7T25aXKgEtRHZG32tjQ	643
19NuAHJJ8oWHx5Ctcz8khi99aKojLWQGgz	643
37P1ZeLnpapmmLVmQ9Abt1mcwuz8aCygQv	643
15JEYXQQifo5j2nQ7qCU8jenJeXzStYCVL	643
bc1q64dzjqzfum4yrdh9ny89wk26yy2kssrludjhz0	643
14dR7GBxRiUsYdQbjwxFnERiAn6R1cyUm8	643
3G3uXm9LgvDrA4KHXDCpxNM57eFDLj8kkV	643
1Fd7vrUJTtQKCWYd58w7LeiPijrrNa3qMe	643
3PFZTNmpU1dbRZEXw3u4PMy7RM5NDfGKRi	643
1FbWDw14xr2yiKkFb6eGxsMJtcVm5TmZin	643
bc1qzaxghv0rrmae5v5pl076sg947qcd5wwrxt0mcw	643
bc1qm6evwthfqpl2hwnr438anwn40vr0fstckp5pyt	643
17YVPfzh8Rf5ZsZr92YZ6a1TyyrBmzGE5k	643
1C6dByQnTeGA8n7tukHhyZeaRy5y8NtkCX	643
1NyC2uQvh76FpC3udVjxASLKV8Fkvpc7t9	643
189iPQZpciouENnHX9u19andB7aVqrzi3L	643
bc1qnu7knxd0mpkf9wt3gzdg7504fz34skt40emar7	643
bc1q95yzzwyx3hxjuk69xxhfge4wax5chqwhkygaez	643
158ZohVezA1awo78P21iSQiZc5L8TLfPEz	643
1EBvZMpbMWZDy946jpBKwvy5kzfuuBCm2p	643
bc1q28ryumpxfpqpl4z7xxr6ugelulma5krtxzhley	643
1HrZd7dfJiG58CV3kZ8Xvy2e1MkLsT4G9f	643
1F7Y98Nwek1uTXnd3gm8caX7vG2egSuXDA	643
bc1qfvd9084k746dwz3qnu4wy4ehtv745dcpynu8dj	643
1KiWKkFpt9jSvTQRMu53nid1SWULxwPXy6	643
1PwT3wZLGBxYJjkB1qPjfQVqyWp9G5aChq	643
1Dn6KQzVNjvvuoy4reW8ZdmVFNzmXpYxoR	643
1JySf3PQg3WBpAUfg1wusZxxdPiiaMuSdU	643
1H9WEvmUkXwYwuq5FDAjxh5ZgMyjFgcnzm	643
1P8Lgnz8XAQARsrW5c3FXM3N1WYvjaCpoq	643
1AHvgGu8Ngvw1xziCDLiDV5jUTWHuKPMk5	643
1Ez8mrr1nQja5dKJhKQKU2WMj1zD1XhJ4Q	643
1CqCbpBTjyhM5ZoK4WFcrLbpEJR3U1posJ	643
13ePoptpMNDxooqNNWtpLKrYps3XbygTp5	643
1E7qupzbKY5UkbC2tKCXjA5f4hwTSTT2NS	643
1K3i5KXEmxdw2wxRB8W1phK1pFjGTXJ7Qq	643
bc1qw6uuy7y4mx2p9hx8q364jsyeky5k77dsfu5zve	643
1F6CwJBjFVXjQneXE9EwLqMwCt3hrS2d9e	643
bc1q2ntzvmzxxhggvg3wtqch0d89a4ksn78whdufg4	643
bc1qv9srvzu4fma9un8s8u52n4xykvcnr3pznkfp7q	643
1KegcMWwpSS9QxjbUiAjUJDQn4Mp1ALDvE	643
bc1qrualwnye9hexv03uqwtwzjgp4l00wv6d6dxc92	643
bc1qd0cr8y557quxshfh6t368u3p0p32sdlad5ylhx	643
bc1qgzs30qs7jp8jgsvt3n888lx0c9svttmdwhawfy	643
bc1qp3nhxu0ueufep4ae38q8klh9vr0hc283vm2ped	643
14gJ4sUmfoY5UkN6PQvUErAFh6s9kabRQf	643
bc1qv42age5zasf23vjt8cnw00hef4j00dx8guhmmc	643
bc1q8c6fhjq94fy56p43636lgv9ldawvud32nuvp5z	643
17vWeyQwjAq9Jn33NyWw2DHYUd78cYXBA4	643
bc1q4gxf43970790g5cv48kfg47359s72cpmut2ej6	643
1Ghz3XQY8e8E8YNVzf7j1beFzbKKjf4xzm	643
bc1qy7lr2w0hujrtctu3dd97pngr6r9pg9ummnpwqr	643
1CZ7981M4tZKTC1kX9DfnusDRLGxHzTJg5	643
12i6xywZjyCiBwoeruwGcUdquscZ9SoupT	643
1PJu6HS2M1A51rGi2Boz2hcGZM34t31wxo	643
bc1qmptmr6vdtfr8ngljjd8agjs2w66hsx9kgyec4q	643
12vA7ucWmJPVW7ZbsiToPsLqAv8xyCfNk1	643
1NyFACtPEAKcd1hAULSE2x8CdqThyitvks	643
1QHEwiEjYfVFTEPTjGHHmi173MFo8b2nLq	643
13Hnizz548usdRNvcRA7ZKUWSDDsr6QcYc	643
1JULHkkQ7MhBujdEXzxS4TfDbaDhmBtmiJ	643
1NhUHY5sVb6gC8xz81a3VUvmUXR67WL3sT	643
1PgcU81KqwMHQEWEGZxHn64DYRiJWeA58W	643
1JYLQqme4bJDVRfMv5TsKFpeisRBhU4fHm	643
bc1q274zkqr65ua42f4jlfvjqy82g789uq5t6z0ftl	643
15beai182RjYyjvkfUTV13u5jkGvJzXJZK	643
1MmwvmDdSPe27MPAJxRaDQ3x3bMu855ayY	643
19R6biV4T42D7C6YYuyr4LJrcVxyZ3JNZV	643
1FSEERtKiAP88oomu4fTSY4iWoW1478YMk	643
1LraiGmpVxCb4VTfzuhEFzUHSsmYWicSZ5	643
bc1qp7nezjfy8nvpr7jveaquwsjvmm8sq66rwvtjn8	643
1PNnkH7VwS6ZjLSn6zhF6FKANqURR5713m	643
13XxB8HjiztjKMHzHap1PuwvM1SEEc9qf7	643
bc1qlwsjg4jrls3zwfkma4kefdeg4nmxpyvm9t8cs0	643
1EeDFAcwsTNoxWgCVZ6pQMkzbuaoFRvWzQ	643
12k5Fjvo1tUhFb4Bc9rPbPujgtioPRuSb3	643
bc1ql9k82etrjkshfjxn472skdl405pfuewja7l270	643
154pcD8FeP5Gku8r45zzQuM2BMktSL7G9B	643
19eptMEbV4HWkPMsASQ4R5E8wAkdtZ6qGU	643
1Dtjr24KfxQZa1qDKcSX77n24i9UrHmRmu	643
bc1qwfjrrwgwprufn49xmhh395thte5e37sucv2vad	643
1PdZxqNVkBbChQagdgm86Go4Yofige6WQ1	643
bc1qj9aq2xffqw0f8jah4s9pyj72qrxhxzgrf3m2nk	643
bc1qa4mks0fassfwfkgs4lgamkahp83c5d4t23e2tc	643
bc1qq79z327e65f5r48c4t6cycxaynv54u0z8zewka	643
33anbKhtLNyKekEmBjYFCrRRuC3pHoteh8	643
bc1qjytg7t9f5hasrulgwsqh94kddjj5966t237yaq	643
bc1qysvx0slrhmexfvugkq3z903ctxp6lypdnkzqtu	643
1MjcCEDMUmohdQtfKMHHNraXSHRdV41zAy	643
1GxdhYEGNdCgcFxxsvttwxmPEdi9Lo4ocj	643
bc1qa64u5rarn40qtyy2zkf8jrv9wcm4tlu3afqmrj	643
1MEqgk92fVSrFzS9EEdXpLmdyv7fLZyTPE	643
1GLMGG5BfPK1yyoas4bRnyofKZnf8YBqDu	643
1ARp99Adqe6TEWjo1B6C4Myvi9RXKYrz6y	643
bc1q30cgy8x50vakxzs0evgts4sdjvm34x74kyzuae	643
1EpyhBU61JCLgRiXAjn743QTHTWYzXBXwa	643
1L47hXfN48cJdWHJ6eDBbVWesh3gRu39Qv	643
1bWGU2bH95YDsF86Rm5s934oejNudn6vf	643
18nXJCFw7s8zJXNBiiu1LcXveTF6tQmFGi	643
1LTdR5TR3JzuRhiUjZX5VufWDmRpqsfYbF	643
bc1qxanfnccgsswquacjgak097xtzp4y7x7d5qxg8j	643
bc1qzu4fl6gxzcxhhw9fkvzp68e4qer6pg0dv290pu	643
3G6VFcuA1jBUC3h3SrR8nAWq8nw7WrSHzo	643
1LBNgfcamCF7g1vZQmeXUbvksNNbAvgfiv	643
bc1qpm74mgzqvsehthlysk0q8klvxa4w4cd0z3ecj3	643
bc1q7u6xexakrk0hswn7hf942h7u86uksd0xj6kmpl	643
bc1qynvts76dufr6qq0wfw6ndv74jmnmauhgwexmua	643
1H1p9jKKCAK5QApPuyarR1bx9GnWB5H6WG	643
bc1q48t36qftltm2zcu3jjlhlnrgexmx32vgyrca5x	643
1983qRSQC8BK1wcdHDC5ffp8tCQSN7fTsv	643
1KvZSDBHvfVAVyE16dST3N1NEouX1GH8Gw	643
12cM94cjCmyhi7mfcgfeKBgM3cnuuBaPMw	643
3ERXefEZaYBm6fcMJdkNaE7tNq7mcyix2B	643
bc1qysznxjsyvuvf243gl2s9cff4fkfqeuvna2ya9m	643
bc1qe34lat77x8cpsswynufnltcpkh36a87jt3knm5	643
15xLGJ6xEhcJY6BaJT7xu68gK2zZRwbigR	643
32qQehAwV5gLaQWAMr3u1SeiNqMMLBpqwd	643
1JWBXEaezJoikhfCC3Erv37KPPQ9f5WDjj	643
18TWQBCedDBMTDLyd5axiFckqYhX3CUEUb	643
1EJxcAfuwCk92KyNLf4pkGgwLZpxKDeenb	643
bc1q6x62wkcwz6sr0xwprz2yjlwgxan7jm5y9n268c	643
1LoQnD14RkGPQ4AupVeAa2oerHwtpHD9io	643
bc1qzvxkh8z32kfs3qdkhu52kpra0563yz494fd24l	643
bc1q7nn3r3zz938qrerjcxfed7p5vw8mfjemv0xvrs	643
1BE6jvVJ6VEHceP6f9uRHLppr9356X1jU3	643
bc1q5q6wlejdh2gtcaw68j74j97d2kkay9hs0ye5ht	643
bc1q7cxvd2hfsrkcclzeej74kskgdree0pr6cde5su	643
19SrJ8gxPSEUWSpxH4ShNFHYzfPY2kCa5Z	643
bc1qnwd9qxl0l7fc4frcxhy0ht7agylxh2h4f8tc8x	643
bc1qy8yq3g0n8hzg278t6c9rnazmswe4wtutpfejv6	643
3JjtvvGoKqohEcLADowNpFKmh6Vd22qwXD	643
18uKFzgQNh3oBEwRsTsaokknwioDoDSsg5	643
15hz5FDrKTRUcAhfERpTYcFRFY6sDtL19a	643
1GS5JPks2f71yd69uSn8z9GNDzXUNrehri	643
1Gc5w7y9yEzVDSjUQiszwx8sC2ghsJhWnK	643
1Mqj4K9gYbPjBeKeLSixJAjkWS3fBW9kzV	643
18N8yX5QJg542zCZUHqo9rigRJxvKVCmV1	643
1C6ohZuPisciGQrZdNLr2416rn9t7daKfq	643
bc1qtrh6kf5t4gahkautrmvtnehz43guvk40qscknt	643
1JKBeAgEZjtZCh4sToLjiPX4StfwA12mNp	643
bc1qunn000ed2upmtj2ld7nn4n352cy379qw9e9twe	643
1Hhh1prJGRx462tAHayB6DRYDGNrbYHunh	643
1BE5Y1kc6jvM8ggaKLiTrVbTuzze99SZFA	643
3KjyCVvbZw5r2SMTpwQNHRWfwAPJh2ameY	643
1HtkR6WCNVyP6SVqBwbPkM3QYYGvhGmWP2	643
1HHK6ro2qfXsuZWvvp4fo6WGBBdR1H3ufN	643
1CtAvoqhfzA8YRsQJ9u2eqJdaJukW71VDT	643
1Lh9nqJvyPU69Wvt2Xy5TnHaw1F7PzmHyT	643
1JAi1vUDArgBLfxDhWLhRtgtVa2ENSLU9X	643
12ZEhBPkrEpSeVYWbasfBbr5eHjMqfncP3	643
bc1qxw4p7uajc0pxhapy9es84927l67f0pvnghe52f	643
1EW75jV5D787n6CyJnpp7CLdRnYscjT2fx	643
1B7JWhJKkZDPmpoboUipPAp3qWiKcV3Qz1	643
bc1q69uxjjrlp2yt20gafyvejqykz5dctl6xxcvqd6	643
1DPMLZ6UVpjFiKgnq3aEQWJkV6SGCQjnLK	643
1DLw9oCke1nGkBKQGphg9dmqPMaCsmmi4M	643
bc1qqk8ljc0v98tnvjc4f74eedrs4j3wcaw355jyr2	643
1LpJ9UVyAbDzKBPoKo64VZJ5qMD8UYBaue	643
13BCLc91RpHNKA38QP1KDm2H4qQJhvo72J	643
bc1qntsakpxcj0xjezfhxtajsduzpv6sp69hwrlke0	643
1A8xBWdavvVJgcUegykEWuVE3pFuKuxNmY	643
1DbEGrW6waMvtY12NsVXPWnQTaD8tRN9yB	643
3EqSLjeKVWKdesmoAUNRjv2pCuoEuYu971	643
3AYpHvWERmoMWehwzYc2W6UH92VLomArQh	643
17AMiJS8EDCii45o9WYJsUxk5AZHPpYSsM	643
142NmZoYXcQMTYZnx41fkwcRNBv83QSvoS	643
183qQQj2qvWQ7i7jk4y88C8sTm9gXniDpA	643
1N5fWUnvoYshPS6sJppJNhHff6vn8JWUYs	643
bc1qdcfer9j5cdy3pg5ulvp35kg6a2xnu08nqd20tf	643
bc1qqcyxx5k6adn8r8rayfvs43s4hwcmf5nz9lfn7g	643
1KKa6grmDCqMgACDcPu5YmDCechmaXw76t	643
1EUfDuKfcvuLcVy3z6ZUEavr57XuqyNS5X	643
1GSGyFtF98a8kw3nwHV2fj6BaB7K2B2nqq	643
39SGVf13vSvRMsV6ZagbW5EXegTzuBkkYC	643
1BRZFsoXoYTUMCRuCmHPycs9KAN9VMbsk6	643
3Lyhb1XJSQtr9JEEtZ3GkxgJ9XZUV3mYby	643
1HBBcJm8KeWMTDYAnhddKm6wjP9danAXUV	643
15rEmKf99PLzdYwtWti8zeUJv3HwmhLwfV	643
1NW3GmVmFzCBwa8fku4wPvfMhSEgJ1MtKD	643
17zryec6DTnXZoxHDBq3s5UuDuPziGEqBZ	643
12KHqLi2PCiGbnLETjFXXr4YZHK52G5sPq	643
1GND3crUFLEXB7gJeLQ77Cf1Ecu3HxzoLU	643
13NCLYdsbPCC8D1sCpgows3P7tigkSnbq5	643
3JmmZkNvJFYr8wooSta7L2SHoEt4TwUxey	643
1MCjdM9JppnkeQR5GwZYpSYND9AqiDQqXN	643
bc1q73579g997wzr9qk3c9jf6u2s26ud6x6kn5tuks	643
1LrzmDACPsREYxwrystYJi7Rdazxacd9C2	643
bc1qczs0qssn247mp6j92mdzw20wdk09rerhh2n8q2	643
bc1q70ldyx5azt88ftf6qf6u2tjacl06wtfev4x9hf	643
1Kcg4cT66p4GpN2FDi5j1kFxezT9y6zpnN	643
1HNrcwPVfMyoHhoJwiB8sk3c3AiAxv6WGb	643
13UY6rE1GjMvpud4NaLzcgc7egtYssF7fH	643
bc1q86fj2s8nt399m4dcsgrgk0wgpqaruk4uhxxyjw	643
1Gqaj2Q8sHHZ97ooE9wDmADgHujrhm6MUL	643
bc1qrwjg0vnazdga5dwaj8kshfv5ul9r5mpx3z9klu	643
1Jz1CWizBpz8gn5GSgeT58AHSu4mvjiYx3	643
184VGLfw1adt4fuNe6TNG25kS5cNDafACf	643
bc1qs2rfk0rgkxww6tg0xzryaq7zmfhnghh07j40n4	643
bc1qx6rhk98dn8jwkctdtc6tklqvekj3lxgupkuv2n	643
bc1q9wjve7m6chw6g8h47zjhyz2vw3yw0qf3nhhkdx	643
1PHdcFcCX2fPaeMfhT7kymtKwdP83Yr7dm	643
3NiyjkHU5P2fkkU7BUuewQZfrFt2mALhVw	643
bc1qt46s3jsvhnadtl5v84yjlkwyr3xp29ysggzw36	643
3BTQRy4eeers2FsT6yfTddVsudD3Sgx35i	643
1PDsWijLDdaTpC1wC8aDq3ffk5oJrJmDbi	643
18XrrDkpoBu8Rt2yRZBXfbY1GRze4SUGoj	643
bc1qsjfwzlfnpfjpgfkw3yhtp7u93kkeehkmlkv8zj	643
bc1qup2t2rc7qa6chsjy7fvzxyx2lep0lk2zkxkn9f	643
bc1q89p66pa4t4zpyqr42f6ndc7hhwndngrpu5xrah	643
17XCHedCtKADYoe2p4PAsk5y5D3X99V5pU	643
1MTgB59qvkBc7hk3swFXQH3wTZ2ouKSBaA	643
bc1qa2d6mvds0v9pp4asnmdvxdcjaewr9x03ljvazy	643
bc1qzfqc5y82dwddguza0pyx53trj7ga3ajv3gfmuf	643
1DHMxwZADsUMi15aXKodKFZTnu9uL1GkdJ	643
1MG2gnQ5uvQ1TS5ACnzFoVAizFTSidtTEk	643
1P4Lb8vqX9hUSzb34WLaXiXMXHa7PnLk2b	643
bc1q44nxyt2zl4eplvnkyg3sjyetnk3q97xv2gq826	643
bc1qr4t6arn4xzyudlgnd0meyt25762ft57xqds4qm	643
1CsznFK3wfHzzsPHCQaeKHKgN85WoVbSGS	643
13uW4YinnNPKC1e1jMBiVekk76fEVccZuC	643
bc1q9ffghlnlq9w2ljc6e537gcnvj6xx6lsrp3s42l	643
17yfqyLcRYMurjvoQRejEUHJy3Xhz5KJf2	643
bc1qelc8d5vtjvw4qr38ec5rsy09ed80a2qh9jcswk	643
1NTXKa1bxzijGFheKwNEotRV1phvBCEiL9	643
1NPxX55i1LNgjAbJiCPKMgokvChqXQeSjz	643
bc1qhywuxfulwf3ft98gmsyhmctsnffnt8dkqneapx	643
bc1q7jqw63y0wfauy6n0ezpm3llkjt2524sp2ts9wf	643
1Ge43fQDN8XnyUpyia2kqP3seLmptSsT4L	643
35zX7Yv1oi52F9BGentsVvkBMzFBPae3g8	643
1HqeLsuD8wxNBe9N2PQzgVoM4AXNk5yr5n	643
1L9exzzTi9VZYn8sbLD9b1PAvPjsEuNqKC	643
12oEpbWRg8tebZHJp5AvvokYP41xFZu4KM	643
1A7mi6L1TuuDiiDJjNxcNZ5Rx3eQ7M79iL	643
bc1qyz5uzxj9zgeh64mmgylh3lcpqkdp3fywn66dae	643
1HiSNzN42C39vrDYB3hZWYq6X5reDDHuTT	643
1Q6W4AgJfh6pGnX9EXAZWJiTrGNoDh55LW	643
bc1quv3s0dqemg0579auy798jm7cfur0vjzxmjq3x2lz3z3avh4vj32sgtt3up	643
3AwSgopJERUEAw3Zpjzby5KCTUeSTLyVkh	643
13ASFdjMxprdZukrpMBapM3qUZS1XpgNTX	643
1127QgWKvQb8iiS6dVYpYtZQCMUH5VNf8h	643
13wHw68pekyb9ZnQvqQ8cp7oWMPk1SUfr1	643
bc1q7la3d0quge7a440eqaj3kdmrp3smmemflhqpdl	643
18HuVEjhjXGpMPiSUzof8gr9NBnkCfwGhS	643
1HbEvdX644pSya7ACpFVs8arMKDkhPtC62	643
1MVCbq1o5hziURAYrzPaZo3ao8dpADzvFf	643
3KJG6iMV6zoh9cs1dwfvjdxQzGqhZB69KR	643
152to6xdPibVMs5fAC4Gm3yJfS6nJipjZ7	643
13y4SfRV1XGLNaYMFDzH7t78jyW7XDphJ2	643
1Deub4LCNhdfYRwNZgDoDdgApdviANK2JU	643
1GL4ijgsJFkZjvRxS5NbLP3Ju5KTiw1pUJ	643
12H9QdNpMbHxVpumdXW7DcedM3aCYS3cah	643
1FY1s6mvH3jT5oT7AF4RzpYX1jkdvGz43T	643
bc1qrw66uuatghd0vh0tq3g0wg2xu0nm9cnd8jtzq6	643
1FZLUpWMGBX79qfpt9jHiErvJFJpvL5tth	643
19p49H9VPGo1MooeXeF5S1zNeu67EprWB7	643
bc1q4unqser9hr667qu6v7ykwz5jxc7kjmnqk3vhx7	643
bc1qp8s76u38m4t3a5cfx0d7n2vnskafvtpxepn36j	643
1GLGBsGnJP6FNRsAzR2YVKf26xMuZGESrS	643
1KfXUv2wugkf6qvFUVtBZVY3AMvRkDEPwr	643
1CjUt1HVmJZ5aH13soyBUoBm69MDRgt1Y	643
1J8sn4faErw7ymNDyWnXFqFy9szVMdP1Yv	643
1BxC8ck7JiyHeRMxp29ruF6t9iTtwqpHNH	643
bc1qftqnwgtcdfpe8t9lkz5nr7tmwwat0csdfdn8z0	643
1GD5kqkFopiNzpNrhbazzpsTxhxLJBQHaX	643
bc1q8nlsuakgqwfsut3hhs48kv8x458qx8tgtqaykj	643
1H3XXNQ9rbhDZV2Ht5GNB9hTtdHCg7zGqt	643
bc1qtxmvzd4kfs66e24k5euyxv43gh2aan49lcclnz	643
1MYbQTCJazf5ef3vM6gpanSn7NZJ7Hqq7D	643
18YHKhdvLhJe7kzdqD6b1UBY6Tg4CKahJH	643
1A6Ejmc4iv2WETEeEux4xjAfFS6MDyRfkw	643
17DrsHxo8qC8wY3PWdYtw5JDp2x6kewuuf	643
1DTTAQokKEw39ScVnypikaV9QcTWDHuoJm	643
bc1qhhml3j3ugwddm6l2xcad68576jaqfngp88p9hz	643
1AaQFqJFKEAhZWC5ztjzjmX5f3vacGW7Qu	643
1Jhu3NddertjBkakYSn4MTZhQ2vwxXaUBF	643
1MK8YXrXdbH7yQrGmmoy4AApiB9gqaWhBA	643
1DwNSePo7RWCbpgK3UXmihyPsKyizwjMej	643
131LCcdKzeBdKFxGTvWVnincPB6Lh9ArzY	643
1GvDqVsbsheJDkbmdbATcFczqXsTxP6AmB	643
14qjX6DCApYoXX1BmNWu5SVv9msWtwAvRv	643
bc1qdz27qxl3lyg9wgzr7q83u9fnc2x59syzg4xuf9	643
1EtAumpCSQGbY4wWa7PqtoiQ7wZpCR8PVs	643
1DFtD1H1GWKYeLGr7nE3DYiqQWAPso8LQP	643
1CtT8NMyTQj3c8wqMzckPTFUfuoEM4z39a	643
17qWCzkbotAjocnJdribGx7S4oUtfnur3p	643
1EBv4rXMmjadZuHz8TTcUYTbu2aXbqsZbw	643
1DQXZhSHwt6UM3CggDKoJNPBSv6wgjWFoS	643
15PfQ8VHyrBPsV6qvgxHtKavQEdYG3U1S9	643
1BTZLek5xVD8KScjB21bMUYWVCzQ65Riz2	643
bc1qaeyvyqku5evrquxy66l3gevxpgsuefe5534gqu	643
1Mx1kSEanJRhBLEwKc5pwedEbfsF1M8yDg	643
18eafzvi8Uu2ZoN4aX8qDS8TFvHUB8G1Zs	643
1JbdPhLZ8S32CHnNHaFRMCht7sH3vG7Cw1	643
bc1qwve3tkelfxun0z25epur52s0plu9guwrlhyuhj	643
1Mr48rruDjhzYoiHgHjyrYNgnw8MvRPTh1	643
1EwECKegvuZgmatZVk9rJ91htmn1hDPVcG	643
16edJAAi1HSHFfW9k31kAdyfGtnqMFgBJ	643
bc1q5cutk56kcj4ah9lmedae9aexr4qpjfk7fnrx04	643
bc1q0ctwpwyvqqz7e02hpdpyxnzpu50tw6xc0a4659	643
1HLxyG6bBzZRThGv93Xa8q3ym22aeMGg7A	643
1JDdGE5RZWrx9ZFbMaCjuHWqsXUPtdLt8u	643
1EPFoNDR2DMsmc8BbmThYFGXYbTt6aMJFB	643
bc1q9jmfr8xjhkqk7nxgupl93xwv86td8xtx0vvjcp	643
163q8sK7t8CoWK523CzKjHiMcxJEtFPLjy	643
19zJbi2Y3m8VcFTU2wB382yS2kNm28BLGW	643
19zT39wuTngGEaRo3rQGtueu7bUQkM7fgK	643
1EGf3nW4jKRPshLdXVzVhP2AiwfrqAGxVt	643
33SHcLNUL4qySgWgwoXW7rTkcdpDo7QR1Z	643
bc1q0etn83l2t0996zdvl9ywcrmgv4kzygl7srhj9p	643
19pixaPTpZWqB85bXMHaaMyfuQ1Fkj8661	643
1AnVkpx1uM7sSusgsfZVxgyfFF288V8evP	643
1CcXWbAigYWpwxxYYbKVhpsYpgAySyZRhK	643
14t18v3dAAGrD257c5ZN5MoZj9iEeyxnZV	643
1DiDKepFiSrLeW5H2A6cChi3iQ8GUEnuTg	643
bc1q6n9c4dzmt8f4720hn2e85y2uypsqc36qc6dq23	643
bc1q9nvgyc0ffh70s8xeppc3h9yhmazg5q47athwl6	643
1MkfcedHVP12KmbW5fdrSQj9bas5bNpMhW	643
1PweuxufKFYsgg1wJwvJWwHhtAF5sDNt4d	643
1AXX38AcRLZA3XkoEY88hn4DivVjaBmnGM	643
19Gnvd6XzMvLS1GsUeEHtkLGTZACwTorkr	643
1E1u4hgKk6AJSuttU9cWa4sAFvZVP8gnMK	643
1N1JK12uSEHBZFQovyYrcwxDTBFFaZDMGo	643
1ChjUmb1RShHvdXWgfGwXbwQG4XqWVr5dQ	643
16FheCp1AyTESUYbxwXG8bfjh71HwgEDre	643
1PirZ119YyvwJvm3XVhE81ZJoz5vkrLn5h	643
bc1q7lhfyj249zq22acvcnenn8vjxf82vvg5mz3vxt	643
bc1qnjyqrplt4m6hxf90et8hmd7lcugxa03hvtdzmx	643
1LTDX8vvHUUt2gb1rfNPZd4JrEhYrPHUin	643
1Ho9AzmnErMMhNRBkkAaFFysXpwdxFFhcR	643
1HMRdmEo7qMNL8hBR9nW5xXZdaCvwhz8A8	643
1DsaALzzbgZxFmkroWym6H7b81mm6Gaa7Q	643
14EAqGW85rbpUYkqcwqEedx4XxaASZF2eQ	643
bc1qxzyuz6yfv9p3vasqcuwf3yz9g02a57ecq254ph	643
132Pj3otKx7aFbJ11pCAhwgTi8RZPLB8ug	643
17c5JJ36xgntd34ezbaWk9ZaWJKAmzPtBf	643
1E3UjvFKjjWkyGgSSFM5k4AtTE7DTHKFm9	643
bc1q75ycsju2w5ccsyz4w20373hrx4nk57pm05ej26	643
bc1qyz3usfae8q5uhv78mnrqq9aapc7qp3ezg46s9q	643
bc1qvlqvzfqp48skz7xnwp2kkel2j240e8026vt87d	643
15eMM67UYFBcghnQpVhjaPugQaZzFfDM91	643
1BBGJzGamWkdyigERpDJaaJnybnTNubJa5	643
13CRSZCuS4aPQgaZgftiwZobN3E5WAeQFA	643
1BXEHhKm6M5MF8NrsiL3XY7JQgmk6XS8aM	643
1FgXxjbvYFVf8iGRWWSFKHd1zZRYVLrsbq	643
1CqLTapn4YvTK7w5mRLfMS7gTkQxbGrAZ2	643
16HsRXfvqQf7bsLhf9AxroDNSV5zvTH9wm	643
1M2ewmnERWALNxAE9URQyB33Gyp5TvoS9H	643
16Fm1PWYw8c2bjiszaK79QraiQJPWsqYX6	643
3F4HXYTvsJJkpWCXNngzx3C4cFf4fnkV8i	643
17H3WJBaeexRQDevhBxRUvovN2UaELHoVt	643
1DgyHpgLxSL1VvaYhQ66v1XdLbALW79a95	643
1BR3oQAb2zPEVrFFZcLwogEkAmf5PkyXF2	643
19aPA5aX6rnmyVAQCiBMDcFERL3nX4KbmJ	643
bc1qn6cm0djas3jnff7gv3umgt4tvyhjvd3yjnfvtm	643
bc1qj22zqqj5kngq2gn5vdm9g0lmhmzyujycjw4ly6	643
bc1qqxfjznsyk00rhclxyztrx4x4e3mkxg00xmqwf7	643
1H8SgKEsjAWm8puc8Q1ZvLH93m3WXPWXQF	643
1HL7CJSo9RZecDJrAcdXYKaPJWVFkbvKKQ	643
14Ly7bz4YZUh5Jm2mVMvLBUtxYj6Z2iU3S	643
1K1PbXuFycwoLphgmZ7h5UC6g6E6doApzz	643
1Q4vPKkoL55UfSkWNK8QPc4pyiyzPagRrm	643
1NxfdsroETTv5TAw3otKQKYLDrUZroo717	643
1CKPdfoeW3YZtNZbNvQpbw7os9etmNzaGp	643
bc1qj866kwdwkxc23amtt4x605aljwqz4h77z7567l	643
bc1q2l3wfhdaenlcslh20mmwdcmc58s3aqky5cftfy	643
132xgLBtQGTyjzeoxdx4sRwSgy1ENWw5mj	643
15kbbenxkM8Gcwp14ot9eicr8gvUNNzwpb	643
1L9sSHxEvwKnEDv278ukBe8x6kvtrY3YZs	643
bc1qgdx2uqp469dpg4qk5tmsfzjzwxna3ffqxhqjvh	643
bc1qu2kgehkdaunmyxpygq7grg27v52lx6n2ycn84h	643
bc1q628wpyd04rh3jvd960jlqcy69djrt92s3wuh2r	643
1BmHm83H4xEyPhbcyE7xFBCJDHSrL1umvw	643
bc1qq0zz5dx4g7vrl7p34nuhn58y5aak8lntxznd7h	643
17efLbvC51xSvM18ijVCsmefY1RhxBvuJd	643
3DEkJbfhkW5rLvMGfvp7edEC11BbU1g8d4	643
3BSEEghu4ZNqHVopjtfGyiCJvoMU8L988S	643
18mFDtSDznJaVHG7H4XHVNYh3jN181i8cd	643
1LYhtr75s8mtU8FdxocJ43wGgWYFhigFmA	643
15dcaZG124soTF66LFh5ab9xoCo8hPGqG7	643
13BVetghhjKct7LziCvkFL91Q8CNAfWpBG	643
3GfijDzDn1jZHTA3a52efpZzZuXxymG9o1	643
1MDad6yxm45Gy4hCT7shvTSw3z462Je3nM	643
bc1qr97v9d0a7mr5hmvffwqts4gkusalyu84ag3aml	643
1Ghvoq3i4tBhk6AA7wz1MJaaRSRVZCUozN	643
1P31QpEQ6XcdoeZ83qq1qn11AhYiVxsheq	643
1ASqLoCrtw3fn2m1QMED4KAmK42jYMqqCc	643
16Zz6mfBhgvjqcHG9n9eYzKtaXvW2TmaHy	643
bc1qf83tqs29m2f2jvrlc8wa60eac5arrls5a47540	643
199vhJEsoBUbsNhXmJbecm6R3yBhSLrj7o	643
bc1qx9cajc3llp25c5xner9dc34tuqt648tysrq56q	643
1AseRSn8vm492VGhys7UddUEmqBPab9JqU	643
bc1q53fxfrelp5tf4nh8xy8sccxnxlqttfu5atec9m	643
1JpQMn7asPE8bQN8HUaRqB1zgmPNWGDRFa	643
bc1qqw24r290n2s0qs9p4qpr2g848a98wqtav3rhkw	643
1MYMtKpiEoDgmPw8VoRw1k1AN2CaCo984F	643
17EazuAv2QFi1su2ty5zZugCxyWjMcsEUP	643
bc1qdpmjfskev673crpfes6grw8q8ujaju7vhp5ww3	643
3KDcH5e8vw2rdYCkH8Ue7mRZ5MbydReQhU	643
1F2AmV4VpbYhiQ9fG5dcLokKJZL6X4j4yS	643
1nvQrWiPGVpKLmohhLcMjitgXiKpjWhzH	643
3AEQoCYEjyEwZVpPN58Ab9FunpEmc57vDp	643
1JsZcfk4E9esp13yEpmC36mAhPerEAc2cF	643
1BZkvEk6Z5d6d9FPLj7MaSqRhcaQ2wRS4c	643
bc1qzj848u2tz8uk2cq4dhmh2859hyt0vq0wpzgs9q	643
1NHUoabZFDyXBatwzrde5osU5sPZAosRqP	643
1GRcZfhRKa3x8EuCL7cXvp1XZFfx9RdVas	643
bc1qe8srs2f67f3xy92hhxxxnz56hzwtx2p9gjpwwp	643
1BAfeB7BS7Fm4SeVY88iTGBPFdW3Fh9zbz	643
1434rPK3x9KqBip2JgyHL7RZNNge1Kr8aY	643
bc1qgs0zya0482809dak4vjqzhv0tttnv0pg8f32lz	643
bc1q359zkzdejkv8lm4ua8mvrhu95j4z9jmqe2rw4m	643
bc1q8257r28s33eq6ff2qe5xtynjy62976qw7zgjg7	643
bc1qd6kxdhjxr8qk96s8wnxczjdcclszm2n2yaqfx7	643
13E1FYBLq32soczmz3bwUPB2muUZtxTfeA	643
bc1q8dmlfsgxkgg4q6n2juxwakgdf5qpjpgutfvqqp	643
1J1KzTMJ2DzHC2spTVEmPrzGH8sDVb3Rqo	643
bc1q8rc26wlqwdu2rtg8qfn7pdn97q92med9x0ptvd	643
bc1qmlxdwglsq7fyafjdsz8a9q4kwygkkp8g5fxf59	643
bc1qdnuez5twzed5ttw0chfgj54fgdg3vllf33ls8p	643
1A7n53t83hUufydtMUutbbiWBEu17Uwmkz	643
bc1qdstcnyp7v87x9lmdtpy3pa84nyk23lvgzly0al	643
1BAQwwtDhUsTPgqcpdtuPxJUGQYRTJS3iR	643
1KCvuPA3FhWn6JpMXFC5Sabi3yfKbmdQTu	643
129ve9P5aBhovUBkLAvTdCnz6cGRzYY38J	643
1NUtKMbQpfwzLyCvPE8dxX284KhR4Ymb1E	643
1PZuHq46bQxdHCeLriApVYhPKXJqFbtYc5	643
bc1qetf7rjxqt9042056zm20f2u3p46g25hwuxk25y	643
3Nw5jy7SUczQ3eYwak2HWmnrqWR9fnM3yx	643
1AhWtqEc4m4izxWNzFTpJ2XDoogb9vMoZt	643
18vfLvtRskVq1HpdTGA848tEAGqq2y4tPF	643
3Gq2T61zphBDU49JAzR4jabLqfqRKBgeH2	643
bc1qlxc42wrhtkhwzjwpmuy4zdxu4pacr3p0gzmmlm	643
15QmxHno1VmRJtw669Gf8tmx4PNB57SdVv	643
1EwQE62mrXduiHQoTywdEVfTntKayRZgLy	643
1LYY7geaMAATETx9zpHvddC846hZ22CWWa	643
1CeeYA91C2kY6Bqicw4jjxySygsor2iDPk	643
bc1qdjsk2fdppyt4s2np4zjt4sd7q6dzhxjj70fddx	643
bc1q94cn8n96drza4rd43n6j7hwt5dcz3m63mgsntg	643
bc1quge47ky4xrev4xt4pc309425dgev0hcyqj2jjq	643
19hfKykC9e39TMuJg7dAkGGvaCAGRZ2JmT	643
bc1qfvmq4rhf2cqhkc6mxw8c7uhfgrzxc8fec4hdvk	643
3ECXfsUDupi4NXgRfwmeqNxnYDbU4Uuaae	643
1J3E3EEUzGhx362c3VUjj5w1ph5FoeQNtP	643
15HQfqy7KX33ze1Mx2fdnob4ypiMECTj93	643
bc1qzgqq8vwhmsmfgyk34vjc59yjgvr5vt6mgpqk2g	643
15Gi1qogLc6c1hGVrXaZsgzAxPnWEH6wTY	643
18vpeR2mommq1Ybw5V5qWz3cUSovL7bFpY	643
135WgcanhcUoDqr7q1gqysrPRNqsoYzPtn	643
bc1qpnpu4g2x5zhu7y67t23zw2svr5llwqe5uy7nv0	643
bc1qvz3ydedhv490pdxgrh6y5f2tfmupjg2st94cvt	643
bc1q3yym2ytfl75fpmc7c2jhpmnrhn0wqkaf8tnyf6	643
19YVmS9sNJ86iHp7P7sH6Y5SecW7uUK2fZ	643
14bTzicPN8aYW5Wht2hAYeTaJxQL2sbPac	643
1K9TVfv8YrVLGtjb5NoTA9F3y8kHRmiBcP	643
13MkKNAPYeWKadiFrd9ZBpZuYKPVNfEzAp	643
3DzZXxGFGnVFeQuDLGchot2Ze6T4TydVCS	643
bc1qhp0xp4dzwrcwndku6kyq75jvqudg6rualygrar	643
1PrywVG7tg8WrVumV7L6HPixdxoTDzQq2Y	643
bc1qzt4hw0j0feca9yr9y0lcwt9qr5uh0wtj086nry	643
1pHbgP6cq2aM638nwc4TzZfPH44wbbLYo	643
bc1qvsndxrd6vejdv0pt7xrex6mevhtz260cp84ja4	643
1QCU9upzA6yokDuPauoFaTeWLtfqkEPQQc	643
bc1qh8xp2ax5ar7w4emwggd8lp7lgpgpne7secgusw	643
17xvAvP7ZTiLJNsyqTuGKhajWnwqKb1gBW	643
34zs6GkvYLBBStQkQJ1taC8DQzxhpCQsKG	643
1K6JgC4PKHUJA3Bt9uAx4hXpBpZJXQF5Ki	643
12b7HZgf3u5e3i64KMETvrBoBBP2jUbnE9	643
1K2gaJUQuLvZjjb7i2Jc85nF1gJrUbTCyN	643
bc1q0vnfgz0jlz990p358e7xsgkcmjseyqne282m0y	643
3J5ghezi6gNNXxz1dgQVQt6CEmuZKXiXHH	643
3CquumrF9wbVuMiLrjNJsicePDcQknhNQd	643
bc1q0z02dc93m9z8reqrqekp3jum3ykpa39gkfevjw	643
1JwbXc917cTRd5bXqcrJAbh3Z9Zgs4vqvv	643
bc1qluvqj62rl4xk3se4cdy7q3jgp5py7vx4vsz4zw	643
14M38YPtvuWASHGrKFeN5BQnxUbwkwPyoL	643
1Hj8G8giPJj4iVasu8iiAyKdZhFzP5mtDj	643
1CkzLYJmnUv3zK3ikpSKfz3gMWf1V1hAKS	643
1BuNm689zoK8eWUmYcNkC6htyguEuoksb8	643
1BoZFuyYiZwbfwedMhWn6An2KqJDZeJHBw	643
bc1qumjvwrcdc4tzr5cqruu0m3dknfxwa2jpkq4qu2	643
19wCkPcLReqA2KFsuH51FFz3CZcxEyE6vy	643
16jV5FSfatQmS8ZcUnaJfmHji91WiYgqKN	643
bc1qj6755uc4p7yfdcs37hux9mzzajw7w4kcy33z7x	643
3JK59NgQwZ1tn7DQ3gaokanHacNY8BacMj	643
bc1q5u8pduny7mwfp9gznynkpdwmwc64j60c36f042	643
16vrPzWneWQ5ANaSrXwydMVCbrLcrWpxKc	643
13GrhGcHLt5Tj799Z2ZNdu6b8EBTmFJBba	643
1HHmdqJB2u7VQxAmPnh13aVsEmA9RAgzgY	643
1BKRP14p6SXn5c29i4Gi5PVXM1i6yRF7mb	643
3Mn6427sCUiRy9Jq9dnpMq5kQbJYAUqBVC	643
bc1q589p2mwp8ymcrh4useptnt77gftnaztdk2xmx4	643
1CwZXU1yGSFMBQRz6Af9kJBxVoGFD4Ceet	643
1FyyvjyK7ecvNEYsFSReW1pwLmbohf2dCm	643
bc1qrhh6sadsgm9lkrhwuz9jcdl5l373h6tal4lsnu	643
36CmV7xDpPrMmHFh6fMb42yAyGxHJwsrQL	643
1G47PRjMELH3XWkpiKKnmqxFtvWoDyiowa	643
bc1qlwlpmqsyf2npvznj8q44pzha52ntrgpmp7hhfl	643
bc1qdqf7uc7mqnw8gy0p0heyxe6zs8mlwqusss9yz0	643
bc1qvtjkpmaq2mukjuh0udf4t3seh0406v8ghcptxz	643
1MGcjM24kucDz2n7d7P4gyMd1m19b8iy1	643
1JkLovsqLtQ95YngrvBwG1SPcoz3rF8aSd	643
1CHevG5eoyRg5FhGpPyZ9H24d3rNHBiqX3	643
bc1qdg2w6rwhduc4z2gtdg3quamgs84yufg3s7evzd	643
bc1q8dlzr9jcmkc6pvp3843peu77yy69nydv835swx	643
1Js6YxUopoQmLc7V6Kfjatf53qDU1PowAU	643
38V3nfTiSJpnTRB45JXyZMLKsHFRSA937o	643
1D7fT26cvKMUSKCmANUPMf3qNMDxhehUDC	643
1L2Sqc1L16DTPSPjzU3SKX2hifyx9EaDHw	643
1FiYKpLWn9oNzuA2iZYnhxHHeZkejwPtE8	643
1JDpHfrHgUp5HQTDzXP1VDcqWoGcotznG2	643
bc1qn968w9tdfwda3s7j79rdp0jhu00uf5gg09dwms	643
1JyXwMss1KQYjK6LN4biKhs4fsJiJVWtU9	643
37BP9oCEXk2FjKNm2PqaF4VcCHahsV3ewY	643
bc1q0wq0muwnlw0smpnvphlajf8f7cpw6l3e48m6ce	643
1A1sY8srLmyeoVZwFFg4ya2HcFkaUGNV5e	643
3HWevumVwZMmbM8j5SdpqhEUj3pBGPFQXh	643
bc1qhh5l284e09hu0tv3tgaxkd8rlqz245mz562up8	643
1EW9xwZKaoZwYrNNxyyxxz5TrYp43TyX4T	643
1GTqgNBaPqVGGkTbZqJ58Cxx5NWU5Z3Ru1	643
1BBzWZmEKtDGoFdxEBk73ujetZr2P24HxU	643
1CRxEiL7P9mtFPf8bKCa5VRbQ568UgmcFB	643
bc1q5sgw8zg4a2ewrewslalg9mcpqw35xv874xqcgj	643
bc1qlars9yehahletgvn323c8tzdtyf92h8dxd4qwf	643
1tTp5gSxgrM4kdth6Jas5q2aWX7bLZEBe	643
bc1qad8z0h340ycvtf3zmyhd2r4hj3nm7q606xvens	643
3GvEABkFL6xWGz9zrJMuPQCFwiuq5vz6Py	643
3Kvq62rZkXxMn31CeaqViSsWxPkFUSVwYk	643
bc1qvcdhf6wftmatxmkys8w94h26r8canhtppf745k	643
bc1qm6em00daquqsplza9kjft47eljuqxay396hz5k	643
1J25gN6vC5wafhRgCKeaSX3YemuXkU3PVH	643
1KU9KKz7vPruyrsce6udWdhv8KZ2PEAzbT	643
1NeYccVsi76TLVyV3xJrecHGRUYoZGAJH9	643
1CG5Bz44ZvCDWmtBpSScJDtLiRtEcj9DCi	643
1AffWGmt5bKnKsLy9VFLv9qS7WEEA9GLRa	643
1By13dQTT6sEkPZGKEgNgPQYSYYZvBhw23	643
18m4enrqDDuFSTBcEHVNgHTcjf8wouGrUn	643
18nvkXhZUfYPUgBED2yL1BrsvrDSqNFXPm	643
12iP99dJVjNpY1UWFh8mbuShW4Qoo5jFJk	643
15rzJwf6PQLniKVJQJagVYsfyaG84b5vbV	643
1LzFmeqoV4ZDrqfJ2BMKBbPBaEuSvVLRF1	643
bc1qwgpagk9kjjq9vmfv9gds59hju6wts24nynuutk	643
1EXNYKshbaWEWdg4AzFBLZsmc8o7LgTmMU	643
1QC8ADzRPMb5x1Nw3eFdThCNr2iKabpALy	643
bc1q9wf99wlf0kp2rydvpwxhr4qw8q8hh2h52k8ky5	643
bc1q0aelu64stg7sflkt5e82yaa6npqvca0l8jucf0	643
bc1q3pfjvt5ndwf4z0z5jf03u3ccycc5dhc2qzyax9	643
1J5qE9rg3htMHFBh4EAMVVPC2u7HR5Dq76	643
1BNkNQWPeJVN9qpM1NNyEqSad4uPJiHpQN	643
18ow8mdoS8KQ4Ao4A95PvnnDUqSnyuNVS8	643
17gGbEiamStzLmi1L2dcevA1eHu8KKbTDx	643
3HwrdojFz4RrRDGwkCLwECacST157f4F98	643
bc1qlws4z43nm78rr4al4nsarv7g0wtpgv2dve6ekn	643
1EPJ2SBdraZTvXQTHB4HLk2RYbHjz3tgbi	643
1NQzeyRWvYnS2kuZiboV44ikQYBRe7jFWZ	643
bc1qtdg07wf42u7qhfzytkl79nzwf9xv8s8kjphagw	643
1LzD6iGiQKEhajTGEdm97qVwJheVNWWBMU	643
18i5JP6xPvGHzi8Gu41sCce242oDTcZVcr	643
bc1qxq7vl8tqep69w2cyprjhuwcskdvmpgpyahls7q	643
bc1qrwke2szt0l3s7fx029p4andl8fvk4kn4afq8dh	643
1CBj438UtfLzcrGeqJpAZ4JMmttEQ3e8MD	643
16FAQq6XYEgosRW25JBqmDZdWrvFJptxCG	643
19cLVjtxuYoU39ohVs8kWKzzt65RY3rFTt	643
192wddBrtcZsXkgzELCtxjNc4tjPC9nGfK	643
1GUPAEp8H9bnspqHyM31MLSWijXxRUN2sS	643
1PTUNuwTcESvQkjpQsCyyBGNL3cxGdAfju	643
18RDW3f38XyhUzWPGJkuW3ZESgqkcrm5wn	643
1LrStDa7GezvqiGHVpP4c3A9aw1SXWp2ec	643
16gRGMz5wHct3iV4ezyEv5XCKJUbGuLCC8	643
bc1quzh98802nvcwnn2dxskdqyvlt7ru2hcsypr9n5	643
1MWnpdN28pwhxxUuQ5b85o3W7XXov9hiuL	643
17NpMMaweJc8sDTdknxQ4UUpWcWZKimi9F	643
1Pr4iLZAyzytdCaUpKhruZmRfvsWfN6hk3	643
152ERG4Csh5C16tW1qUPRaAzzAm93ZELpB	643
1EbqHkuSrhD2U5KWk1VkMj4Ke5w77SdZDi	643
bc1q0vh9kyvgc95nlec03lds07jvc9jd99rk5xf3m8	643
1D8bswZ4x96vomj9CzY7i2ht9JMDKS9w4j	643
bc1qstxcrpwcgku3fk3d4q8z8g0ey24qyf547jnlje	643
bc1qh6l2u2tnqyxv8kqydshd8maa7ymlz2v8g58seq	643
bc1qduysvmhlar3wr8r7hueh3da9lttp7anj9ladw9	643
bc1qgq6dfsgauwa4gj5xfdt24024mrwrcqqcwh04y5	643
12JJ8rkZx2o8gpqLB369u2Jvrb3HUv7SrW	643
1PVwMrfRHPg86UfFQQ6WLsxpLBm3wBxgrH	643
bc1qdeh3sjjnzrkhxwet2xhget6r4zk96c249jq07t	643
1Jq8dyKYCo4BssNCDkpx8aruZta2Zw54L2	643
18KhZhdYyFzR9CLkzupaKNynMASoJLBe59	643
1KWSJCDv4g9qR17vYUFaryZBrkJ5tiDunJ	643
bc1qe6rklw8y6qpy0sltq29zm6z0hgfeq9xu2e80fg	643
1D4T5qmidwE97qiewrVpLMtUN3EuZdr737	643
bc1qp2pkcs2aa0f2n2ennw4tpa83ufa80kxrmqnwrm	643
1NywMLR9vfJzdCtbeJW5d5yBDupAi8kVAz	643
1AtMYBqAQ4BxVA7FtfoNZYtYNg7AEns5T1	643
1CE1bSpLJbmc2kiC9YbHUrvUBEKnymMQrH	643
bc1qfwpa02e2ge9c4z8qr234940zva2ga929yrgtvf	643
1AjPTJo6arifD7x1yQkBNwPAPfAHNJX6Jb	643
16KH1KmTKM39VfDM5pf7rn7nfuuxDCKEUn	643
bc1qky4dtm6ntvmdgrqt53dkfy4ryxwk5u5et5ghpa	643
bc1qpfx95lr7r83g976xnym2ww0jlqsdc5k8lynlf5	643
1Caqw9jF1xuuFUnFjCLTexCpDPRXUY26dW	643
bc1qcrqkj6jxyd95qz6ej5pscjs4pnav7s0v2p0x92	643
bc1qvr4agqumj0ks2e257fd6k5p3r79h0gr4xz4jl5	643
bc1qsp59hlvqj40cet9apjtnp3jya8p4mp8q4qps7a	643
1GF3oJU9MLJ3RVxLpun5Rci5ex1VppNYRR	643
bc1qea5wtd25mp77qvd9kny77yua7l4mr472wl5a9m	643
bc1qra5wy4urum9adz2skwmdgqgenxz7d88a44nkud	643
bc1qqjycx0w377f20hyw54eu9jr03zjnfnu0pddfqx	643
1Nxc5QJdsrr25ga2GfiXCapDFbUWTbDdKQ	643
1AoQLPHZe4tDpqaYkXX8uwUroWWPKg2rFb	643
bc1qxdsrn74mgy0974z0c8mdyvg0dk2fpmwfzw255j	643
1Lks4XMncXxPGuYxbuUs1g467f8mte44C1	643
bc1qduyc99r5uc4mw700n49xydfz90y086hzj037df	643
1TRbXiGyuPinQEZWm2iSg19UTPxSTUCYi	643
bc1qkftjjefu4jum4lrykf9dfc6axzl4rswymg4wtz	643
1Bz3sn19hBynVP3dWYZZvUiVkuZN5D9Smq	643
bc1qafnfkc2fn27l2d23st5aeftuws2sk2wxall2mh	643
143kogF3aHaa7JTsaKz6W5bt7e9vnoGDtT	643
37ajQoj92Y4BL6wBga2Ls13Q2ADtRZASys	643
bc1q5cce3lk83cackazz6p9ek5fn0mc2ge3pa6cu0t	643
bc1qec7lwprm8j8pn0sh2pf508tn2j6xq07ykd3pzd	643
bc1q5752wfald3dra2u85tpvjjhs5k9ezn0jjtfxx6	643
bc1qrgzq58umtncm4san0amgy6lx0r3tw46rz49nzd	643
bc1qjr883uda6v2mnetmag02wujwcxu0v8vt4wemm0	643
1KVCSvuVvwV839JTT4cJtrAx3YkuSuca63	643
1EjPJX1QxtQmMCeGiwrZEX7QtXaGvFfCCZ	643
bc1q6s497h82fa0wewx206e0k2thfxds50wremjcll	643
1H2ne3D5G15YUnTFDoPsv63hZev3ygo34G	643
17AKW8ACsB7P2HgMjVJs8mtAQGZYmDP8co	643
16AGUSUZUBmEU46d8dBw893dyKC972UKqp	643
3A6c3ohf6avWSHTxEXvEQiBHn7b5dx4Zws	642
bc1qy05wkvklcks36vkjg9aeavvdzr24vhajuyjg9w	642
1LQpkMS3xfu1MjfHUJ2h7WyzXnooFeZ4ju	642
146rKz1Hu23ZiQVrjQMFVACXS7REbTC1iK	642
1734Lfguqmp86ha5fQufbHeRL5j5rh4FNR	642
1A56D3V3x3K5ifEAinEhr3SnDTkcroWJtS	642
3NFjpEnsMBLdfLZHsaCrhqV4UiGi9fVQHq	642
1LX1LL2cFagSpJKJYSQZeq7YLaed3r7FhG	642
17f23MeebkHSQypVmoHwjUWGpK8psL6p9r	642
bc1qalsjpayatjem9l3ltfsaa9v8nvchn7ueulrfp0	642
3HvzLU6MoAQM8DtKisDEKyS4iWT4hXHQNG	642
bc1qhl37n4py8yqdfmxk3hcwza82x5jthh72pnht7a	642
3Fp6GaarbeyYb5NmqeuBMaSuWA2dagQCZk	642
16b8JoPTYrRpMFKTZpnE3hwEYsYwF1hXy5	642
195QrhRyW5hu3UNRHV2RUNLSoo63duG3cw	642
1JMZst8HNLvrhZRon8J55y6i2KYHNTLTdM	642
bc1qs2ds29av5zt0tst24767usgf6t3jj903q9zulk	642
1Jf9Vxk7xtUB4SVr8UZJvb9fsJDq2ZQFpw	642
3JdqUZzCxxbXyEh29mNZBrKbC7diEUgSMt	642
169JvmLfJQzwJvekimLHREGesdFPj79dH6	642
18TxVjr81PckS3VbGVsdnZxxb8xEkNtLXy	642
133NHxLoAMJN3U4cfKoHYi1dxTFQUyGE5W	642
1JzDReZABVGKVDVxZrm9FP9wXQaBd2v7Py	642
18PViEzFyaUn1225VHGErcskfNUXj2awCi	642
bc1qmg48jtsek49jc9w7y2hx5fa6fvvkepa4z729fl	642
bc1qm34wradwst6yfu0qdsymsrw4yuqskryeqkyw45	642
bc1q9z568rvr42a7w949njl0scq99g7326wrzyqw70	642
19fTb3ntF2bx8X1MYjh6AsZVBRYFEWojpg	642
bc1q63e4kk40k4emvwmyvz7ffryy48gmnd3cjtvuma	642
16849Hn3SnS3rbzpUeVErvCL7Qk8VCVdWZ	642
16VfVV63TxsgDjxxBpXEeqUcjm4fqJooca	642
1646t2daXR87zToowbLENMTLwP1KfpfLH2	642
bc1q5pwnhfj5rxgadjf4hhaymp5fjmysux8vs89q5u	642
1DGv3fgdrDNdecgTrYLVKQSMpzFFaspupN	642
17HsRJUg1bF4f89WqxT7Hn6jxX6zsGHnAe	642
12isiS3n5GfTdigtLCa13kM5cqJ1yS9chV	642
17bxoFWW9icz4M9m35GSALtapVkWgXGNHB	642
1DGwdB6BeEQebHYr11otKaHKGNFLFnJ6ZL	642
1PqJCMQSrj7AS4ndVY199Av4TarxrfHnRz	642
bc1q9xm7nekgmgxhwvgjhyp3r5472m87plf8stw2te	642
bc1qt6pxhsd04kpzj6cv4ytlw7puypwysete2aw42s	642
bc1qkrwpp7dnrnx838nhc5hkn3dv6d9g3xtfkrwlpx	642
bc1qxw8fjwrq3rsr8d9ueg8rmw5xwf92gw8898cj92	642
1N3ib4NY1mv7HFxa757M5qJKDFmGGnjXuD	642
3JViWinYmdXGcYjaYbHNCr3QCHBsPJp42M	642
1qW9wgxKwG3Lv69goQUbxAnci5YYqGabX	642
1CLUdNwsJkeMp7ykAbcrL6MABf3dHPMsgz	642
bc1qgpedy436a9fsfag7c3s2tk7n9rcvaaa527sksr	642
bc1qhw7nl9nh7qcn3qvlh9qxzhy6kx95vwxfam0a2y	642
15NniEExwM1tEE3u1jZNCQ9LwYxxWB6WK9	642
1McbkWhYu4s4ABPYJzwv98SZf9JHLd75f2	642
36cLqTHCttMN2rxKCGNEYQ3D4APeoPXLyu	642
1EHjz7ytZGGoHeykq2PXwFZBBUua4q6EYn	642
1QENCLnCztiX6yJ3m8ik7PDqCWqk6hBmz2	642
1KTPpmFMjrMwvmaKYfr4YU1WiczFyRVQoV	642
19F5WPMa43oXm1w6fHJpw77hQEfju7s5UP	642
bc1qys4lu2jvqhnda2eychfherzjkt5s8fmewudt7w	642
1KLAaAex5WrVaWbcgBn6y3mkBdWKK1a63Z	642
bc1qn3t6ry445ufjd6hhqa62kzpc4nn8s78u2ypmkh	642
bc1qqywxz80eq672gc7ll27qzy36del05g0ykscxyy	642
142s3hVLxZrGE6QmFrG6fLkaHtaXKqfKF7	642
1MuDpt83wySnSQNZS3zofWEWKbe2frbhsv	642
1FDWdjLC6siZWzQkJZufJ8yKZpE2SQKHZJ	642
1KQZex9LsZxp3sUmDUDLoyBat3URgU1xzU	642
bc1qt68eacqus2fl367htyx6y8yk5wh0dr6e0fx68z	642
1PDYDr2ymkK5qnezQuXDPz3LGpr6YbNzc7	642
1A2XZctZX2cFNEXkNNdFyQucvHVM75gZaK	642
bc1qw92zxc0aeavjh6qv7c3k7hhw0a7upsf0swr2vx	642
1JvgeWcut4kobTLU7qAdeJMBViwxPb4KD	642
1PaRDLpf3PLNdR9xeqDwP8aZYxzyXRF7sk	642
1D67pRqBM7Toav6ipjjZFydZtroTvNRDNG	642
bc1q0ex3sqmcmvjyzkut9w0xgglckkkeh9dek7dtw7	642
bc1qjde3zhx49353h0v4l34s0avcmx084a92vww45w	642
bc1qkzzn73e9dg3cysrlahrcxhpu4r7vptysz7c8ak	642
17ShDRiaTaeM1MjMycpZZh4sWTYZAoBciQ	642
14MFxESRgsdphbALVLUs8XDtvrsPXeF3XJ	642
1PBYi6k5T5kWvLmpeGdE6B4gxL5XJcXcjb	642
16ok4ZPcy4MygrV7rVEbD1daTpmVZM2xrX	642
bc1q3vr4y6prhut6l9a4n5jxtpe9t2df3jrs27yldk	642
1Bc2C7JTejnQAj2ZQY18xN2DsAD6X22nHq	642
bc1qj75clvqkxnw4pw3jq9jnr47v46ynvn5ade8wlt	642
bc1q3f45xd5kzsrf44sphp6uvv9u0kdcfg5qwle74t	642
1FFCSQG7vB7nPYCFNFfavaPwBV5a5fDPi1	642
bc1q6hwzpwhq9yzn5gqwaurs9es5k0yk9ndtku7a9y	642
1LtnjHQC4SYpbAwy2tCkmyGQhiu5GjxnSt	642
18vwUtU6FPr4kFKgQJ9KEvY1B6USaEBeAv	642
bc1qrrrm8tct2shs4x7ljy5hs237mn450jdc7en7u7	642
1PYrVZzsJ36iRQQztFmLppApyK3MMgkKvt	642
1JpT97gQQqy2y25N8UKbdFQorWzCiBDGSb	642
bc1qfzfpmyrccfy5l46evmk6q25cczje0fa2u34d38	642
17qgArL3arXaWV1s4gEGnw2pfESvdSbCaE	642
bc1quudf8p503wvyg9m0q6fnwed8fgtd9y3j2e3nhe	642
bc1qlafc86m4drssrze75hz8utc9acjfsdk5hr54af	642
bc1qfq87sr8vpkmfxxgljuaankk8znjc4tgjt7ydlv	642
13ptCcns9sA4M8n7ujaJKfHSTvca742wzn	642
32oJyTDQEMKS7bqrqGcdK1F6MUqQjaG1ey	642
bc1ql78287vwh8xu59xn0hme4lryvunkvef3lwzlww	642
1N63bBE94KvFqqkNpL8h9HHkkkzQx8JRjB	642
197RfXnnN3nhfy3dNYkLKNy8uzkrgvtg5r	642
bc1qf76t2tdd5z6zz9hlsdcq0flk5954ts03qhqumc	642
1AAf9qX42auba5htVy1dG7cUmHW4rt6jYh	642
bc1qn3dql7fm40k5wd7xpx0fxej8r299dgylvwdvaj	642
1GtaNBvRKnTYtwZ1ffzKzX8mVZpoPqiuAt	642
1GSzsxvCTa8cN2UrEN6Tq8NoA6CaT7nK8L	642
34bEfxXuAJJ4CKhjgR52aXp6kL9Lk9g1fK	642
16Vv1ZRR7pUrmipZdVhKXF5KVZxvRidDhu	642
34Dxt1E4vfZjrcKgEPG6uLyc8JVY3mucHw	642
1C4kjuJpcv3tz8oHpDSf8qmg3odsEetSgU	642
37DXFbYmREDqjCLVaBRUczSxci9Vg3v7Gb	642
1QGTRK1wpBSbUbd5d3eFsfFbf3ef5NMR5b	642
bc1q0twqz808l2craxy4wcsaxv2gdhz9kv0j92nyh3	642
1Ab6N4YwpHGcZqN1VEJPRn1sJZLs3MrZZD	642
bc1q75z724n0mvte34ymws6glvgj7pkwkrn59n5kwa	642
1BhV7NTJRK4JGHikV9yB8EVh2a242ttqMa	642
bc1qvevz0wz6zyea4kqq8tfyr4q5x3ylrpac4lwrgw	642
35JpiZvY9sjsLy4WPNgBZsKpiP1smjFU5d	642
bc1q3ttaxnas0k3g5xy2l65kpgy3aa5gkggycsruch	642
bc1qg8jzn8uv687c729a6ngfkl8tkgajnz9mfh7jlw	642
1PvttyqPdyF5zDxZpJLm3QrDLrzJp3ARUX	642
14vXhPgibPZcZGy92Fv7FaZjKKzbxgRRAd	642
bc1qsyp0d7xtatl7s0mk4cewql6wq4c4f5n4h8u0mj	642
bc1qvag208nak4qfplmr3k43xcgeeq0svqqsclxvfs	642
33a1GgPhDqmeCHwMiyLKsWTiRUSeTBktCE	642
3JfLKeKwVyJDg81bqX6V4La2jAtD57ELDm	642
146s7jH19mmZAkXTEMoik6N6VnE49qqh2P	642
13Q51JArTFy3jFS9kCB7X8GfbDaDbDA6kd	642
bc1qknzhw57rvm3sg2x0s5rexx7qgguslhxfn6u988	642
1NvexdmCzVgfyoJNYgMKXogCmFb6vr38em	642
1Pxg6EGz5fiWD669hJJ52rW3uArFQbHnHf	642
1KkoBLknDty1SVwNgScdujF887hXZ9xQwP	642
1LLAq9ykum4kehwwGzaZRhN5N8XA66Sb59	642
1P6vJTVYFTeGg257mQM2bGyugPvwRq3jaT	642
1EkUaXQ9gUFmcrfMPGKecFZDGCq1xJhYfn	642
1A99WTmtkvBGzPFpb9jS4q1bFhSmTjoFgL	642
3365BUjUrRhk6BB4P2MYdyfLUqbfvG7CEZ	642
1CA7KNtGDnw7ArLUSfdjZBMWJWKSKSe2dP	642
14XT4WyHL2RG6nQcroUzXKuWLQ4SmgSGQ9	642
1GHnQS1NMBAKNugJ8Kgo6iXUY8nwerkPW5	642
1757Gh6FLKsHotmfrGNe8xwAXqChSNpmJk	642
1b8jcyyUTSJnsy5wamcm3SxVhki4ckP3G	642
bc1qtw2yarku5zd39qyrc6ctmamm4djhppkk6s29zn	642
1HHjcTBCEPLNBPjiBuiMsQbU8kbotN1tcB	642
bc1q5q7p5mrad2gh8kll7lausggum0rfxapsxnelf4	642
13eBjPEp9oSq5bBVLSHKo8jCnh9bu2XGrg	642
18fWgcjxYfd1yqzhWgoQzYWKapaH1LHQet	642
bc1qc6x9hghyy7fr25avv4q4pxhzvkcrw35xxw45w7	642
bc1qaau6a8ya73exppl6tpxmqhjzwmh0rrpg7lnu42	642
1EUCTL9AvUJcTmLbcPeAKpUoR4NCANbSq4	642
1H5APy5Ctjw7AbzxBFMzKq6r2GMjaYphV7	642
bc1qyahqjd32mav08jgdvlv04tc68u6pmxyzqnegkn	642
1H6GBv1aH7x59dkmXc8epXYMYCVk8CGXe3	642
bc1qwltau5j2semp477xzzxcx36wp3phzm8zkmmmkm	642
1MAAC9VvQSMXKrd37D5zUhJ2Y1HPhz9G9g	642
1D2VXxwfo79pRJBwqLKuvWQo8qcYCCJyLC	642
bc1q3ektgnfvnuts3k2re7ve6v6y0qy92jwrhqpxa5	642
1YQGDcELKuixMsrEQ9kAPb4wkV5qiEj6M	642
178xRi95BW4jxuzx8FeBVu1AW7nzsVvJDi	642
bc1q7j48853vv7dhjrspkdvw4gunnr3tnqegh486uq	642
1Kr1puTrMX7br51Dk52KvcLPpXQot8GWdF	642
bc1qjssc0ghcmeqmzx4xy90fz3ay8yv68h0hymyz60	642
1D9mer4Fmm9BgcSLpSaxJxTQfUiVqwzhJd	642
1Ff1prVSyi9Xi3BBuLmtyTJvV46VcSdMug	642
bc1qnq5620fsvqv5ju7ftaa7hwl7ur0wu3vmwyfwfn	642
17oRpabnSqnbRJAdh7f4bh1XeyLYfiXFJg	642
1Nqb9eWsRx8ywQD5dm1w7AviyvAnJtVLco	642
3N93VnTNX52ZRRZnKnwA8zeoG7ALzAY1Rv	642
1H1ZJVHxnmhgRjAFoitoA5uyjn1iZZu5iX	642
39L2XMphwonWThL4b2J8kXqAXLCeuS9dgX	642
1NUNsjNLdCMGtw6mjewTDkQS9zd4xcnCAq	642
1JVnD78Ws7DPvCojYfCuZpP6QMN9M9g24w	642
bc1q3tazvja72p9q9jp8jz4pfmtlasc57eere67x5m	642
1ABbXgKVa2dsweXrg34tWwqWjMcRtNbKHz	642
14dSosz7xH9YysjHaqFDg5ad4dQWAY2yLF	642
bc1q22ktv2qerefl9tlf52hpg7rnancv02w89qd0ll	642
14ZvVTXT3kwUq2WqNSSisu1Ey4AH9odaTZ	642
bc1qf4gyjj375m8w3y7yzq3p0m7vr8ked97q0ju2vx	642
bc1qdj9z4dzqs856dhlteq55y8xnu7v6v9wpsm28r4	642
1LLVcRidauU9Fpo6btBw4Gni7BmxHoSiKV	642
1Abma4zwJ4N6Cy2ASmF8zbiuCxApPhpMGo	642
1KvYf4NJfyKeTAfKnoJE7HWYzg4b9jmFUf	642
1LttktxDBeycVqWzUiYMQBQZqPUmUH4sv4	642
bc1q57kelt5xw03yy8qwncjme0z43m2u07qje20ark	642
1NiuetNP2q1fueKs8XgPn645NMc5hVuBhs	642
16nrJeuHugPX9uvqBqGAu8Kub6WQAmw5v6	642
19BFmNgTSX8s2shSZtd2dp61SqxhAQtifY	642
1Kcn8mGr4X55HLyJUYSfXonvYZqQAEV8bN	642
1EFbfgctTpiK3q7tVbyqcL5dThK1iuPaSF	642
1EAmSB5it74J7jw9mJ1pAx3io1uGAYtdBB	642
bc1q02s8wglcapvmqup7wx2qqpflhhnmyrn8gpr4te	642
15Tmh3fMnJmCtZB36qBhfKGcyyjUupUKrN	642
13fuMjYG4J5pC8Daq4RvjEWNrwbRy8AH6P	642
bc1qx34h3aderk4xdnsfcup6l0lhn90q2kyk9ew4x9	642
bc1qgu8n0ypyevstf9fu7s7ep9498khfdylc3dvtc8	642
1D3L2PXwqGQPvy7DASrXYpmwGdwgWfuqGD	642
bc1q4hj3p9zhah8yd36hdh89xt486ue4m03dm3akp7	642
1JbThP2hM8uzJMgJUgbSjo8pRcGx9s7X3u	642
1M4B3M8aaXT1AdHHnwP52TdD1svwA8QsmX	642
1Bvq1wo3P7Q8TxSd9M5gjSQRzpXECuHHL1	642
17ibQ7iBmXSWgoJux4e5XUSxfoKV8uTHg2	642
1ABueNXQfrsthwzGEHc7u6w3HQTGjAA7EY	642
1BHVeUhjg192DTwPnqUrn3zoAuQh1Z1ouq	642
bc1p8l37jxh380df2sfm6ut68k37p60xu9qxvm24ndg3fysy2fu0qrxswam825	642
15tnCHxWBJwBHU7DgacewddkeSEYfekfDC	642
1HD48hijnLmnXCaVM8ACzwv5KtL48W57W8	642
17Wmz1RpwFrair9i5yv5Q8cnn7qgRsvFxV	642
1HXVxWmym5iCiMx4MDVffTnHhyPVd3Yuk7	642
bc1quk5n8plegwhxerkr47s0zasyr9de29nacqs8nzj2arxzcq92pluskrfer4	642
18xUPbSHNE86QsPqf4mfRwH2Csw6mDFY8v	642
1PSV8UXFkUiTtDWZdSkZUeJxbUJT4r6qqs	642
bc1qrzjj546ce7rs9vqr25jtz3x06djmqzzrcq08ed	642
162N7qzD8xLHa4Pz13feTFd5cMXEhhBujK	642
bc1q0cw0mkh484zlezp5xushfadv7qczgk3tls78za	642
1GoTvyisSQ1JLrSkYyVkVuDiGq63pXphKg	642
1FpTtjgse5GQfvjS88dThb7pNksstq7Dp4	642
1KTDRajVBvb4gRnfhwwHgGwaNYVSCMVbfX	642
1P8JZzdjX93VXuLnEJtVojtneLRQ2VUjXW	642
bc1q5e5a8vr3z0dpwuvj7lugk38t5k3sqdjnef4ahl	642
3QfUFYynYdoxhbMyWFpfoRQQJRVUNB2Wng	642
1DoQ2iR7XXruKNbJ4BGTUYzDF6kqasjLS8	642
bc1qe4kzsrmmaezdqx0dccfjaxkcrvvn0c2uq2ysjl	642
1E43Lx16aVh8tCY2tbpagCQyTyByeqSAM7	642
bc1q30nrmt5kvr4y3p7puhg270mzmtk6s7xty974hz	642
bc1qhuxxxcnw2e323pntwwrnnkfwq4wt4e47pmtq0h	642
bc1qanyqn5dpr4p8msfe9zhvk9mq9ddwp08axh75qd	642
32RZ5oKBvNq3neB9D9qoNeLoub34sZEK4t	642
1L7sJRquELS5D9Ffn8QaA3cYmimcqdrRTn	642
1WhrbgjacYpceuhsjyXQ7d5xBvSpnhuyb	642
bc1q5varnmkghlgg3t087lqdxrv8khxr7q4jlqqtx4	642
1DyCnzCghFoHxQZvPZ96KuU47jvxCgxt8m	642
bc1qqhn6xnsggxufxpkknleyewq23xp4nj8v20mhg0	642
195LCwPkJyhCEXDaJjdDRT9PZXcvoLJZhr	642
1LoKvJQZnNA9jiWmmv2taPaUnKcBx29Vdc	642
16Spd53NWpSYtR4NvxtfrFz9uhW2v2y5h1	642
18gGt1LPv73MVGCDHWtDBihoyvEurC9pXR	642
bc1quzffk2upu8dzlg2mnfyash37k43u8wh57cmh3p	642
19AYB1A7yHoqmYhvxhd2Bvckq23fnju3qv	642
bc1qvf5esculqmr4yg3ktzl8hunlddzky25fk5cgyy	642
32yscoUWqNn3CEvqP4ks2eMduhrAAGoLw2	642
1HBzV4Zin4nzjWt7CUKwCHrwbc2qWE47GP	642
1Kra59YVNAwX1GpEYo81KGGDhsDK8ZGn6y	642
19LthwPNMeuMxSMipVgHggD4PVcXoRfg3q	642
16HYPKCKzx6fyYkL3224q3wbg7sfCjRWog	642
12WY8c5hxuJTC4j3Rj5YMacVL57ojZQ558	642
1Fnyp8XVrzN4hb39ef17yGbNiw5CcFiZEc	642
1E96naVE9Xi4AmFEa5cPdwHisNnnX6YANX	642
bc1qlx5ymdg7yhfwmtepqyeuste4cuzfg2yqygaj86	642
3Q5ZahjmSq8bqsZ87UjFuT6wCUcnJcNugL	642
bc1pluank4xghnl6fv4vcrp65jt90vyfy9rv9jjv9gm5edcp9hvcs56sa3kr7s	642
16DFU8sqNi4jKTXRAy7yGwWHLSqTj9t1GA	642
bc1q88va3e7wpv2vuyapxv6u0r44hqe6nhyx4c7xnw	642
bc1qd4cn907w96yr3pe67l89vuz8jxy3fdl4aj6rjp	642
15LsgPanZa6cUaa8uJB3Hb74UpHDu55SNk	642
1FXpwPj9v8qrrEJCBAebUNwxESxt8gYaPF	642
12bvmWEp2TyLGrx68X8YgQDvS6ytSYcLwQ	642
bc1q4c2vmqct6ee9l8mqp093pdfuxyvt60g7gfl0gp	642
16Mui3kNKtFgw2bE3JnDNfeD9ATP1nUKGP	642
bc1qjnwu2khtw4dcfkadm4cfy0r6yma398gmvkq6hs	642
1zcUA8D7sajDSECSvgXbfprRYiWwUrg3w	642
bc1q2kdtt3xcns8ule2tdxdvfethg2ceuftvd6xwdn	642
bc1q3zrmmmz0l6ucn9far5h7edtq47w6uccgnc4s79	642
bc1qulhg08znjpxelmnpyqqhmrzv0ge60tztrt4ets	642
bc1q300c0tqnyz9ayplv2grhqwh0m2t50rz5gaewfv	642
bc1qn9mm9pjejw5hd7jgfrvwq28amjl6h0waguyj6d	642
15LAZq2M36VUNYjR7fpvnJrarqPtFdKxpV	642
1FrVcQ8GiVVTxJd7Gm8qFFTmSinF3Cvj94	642
bc1qd2qcezkammjpvuc5cduhaldnqac2rcejy2lff7	642
1FFnp7AXYFd8V14x7r45Tgr9B24b2KiXAp	642
1J2QhtHpxgaZg4hgbBchUmbVJnoGRTvqpA	642
3GgNjB6trYax711xbMEFR2ZLYgMqgHc2dU	642
bc1qtqpxfalalmvy0jhr3v84cjeyr7h8ta7t9e0g33	642
bc1qkh64nl64ysgrdefd6rg9y7kqzsp7y3jac6gguk	642
12c2xyvHQXm5TCycXxhTiDLjTfkJjwvRLW	642
1DaQbcdPBuWtEJpdSL7LZipLBqytmSrvho	642
1D3hMihAtfiRZ7Nrt2sC5EKwor2Uy9Yez7	642
37id2iWNJgLt2Dt6kkyzaBPNvFCsF6XQXh	642
1MhcLYAGSppBCPiq8d5wta8HJUdBoJaZwH	642
1KK8HJSmotzFtny7FpLgkgaAuhSoSM71yt	642
bc1q6jyh8v9slqm650d3upkffg6zg0p2lnyvatgevp	642
16QyrD4nrkHmgmXhUNgxS7bPD2yaHN6G4R	642
1EWRvEjRiVyiMuYCdPHf5Q4iBZtLedjj5p	642
bc1qsxrqakam3hqnsgkswgct6h0nwewflpqdu0rp9j	642
3PcyNmBzmm6SzjCvtDyMsqk74Wp1krFbDX	642
1CqKmGkorYM73U5Q1PQR2gosTsUz95DRfp	642
bc1q9du7qe3pts7fck2lhgd86c8l872dtm9ht0nty9	642
bc1qpr89xt9tvph3g7had80aurs4l8kzfr346ep40c	642
bc1qugvy65mq07hzzs6hxjjexaqe9gjzyzgvlc8c47	642
1FtWa24559mkb949CGnpRiPHUhd7Kmdp3j	642
1RMJXhvAR9biUwyHLeq6wAG5kbsPu1aGt	642
bc1qx2jz40lnw93ql80nrj9n5ldte68cpy54a7xgcp	642
33RbnxUzHJ4WAgPrAujBoPRNP3WU2Jx9Ua	642
bc1qznuffq9wlaf9tkqa587928xj5a6593zphq0rte	642
1BkU3ngjd88233chFfC27eWbiEYAY9Hznu	642
bc1qxlfrkz36fyrpzjl7ysss3jtxawms2s960nar2c	642
3LWs9iJJWmRAhPhsAc3qKQGmTfyKqtx4dg	642
bc1qhmuezxr9xxmav027wwqrlhs7xdtwgvz9y7fxur	642
bc1qfqqpy7pj4sq93fnly50skg9n078j294w9fadld	642
1E6h8MdgwdUfTwQEdrrkv8QwWNYTyV3wfX	642
1BojpLatx9nKBm5VxANeroevwoLAeBVh4k	642
3513RgazHGSBid7i4x6eQCEvjD6DVJZeB9	642
1GQxvpgq23UztnoMbo5cGqBuoGBbuXjEgc	642
17eM3ALRFPTzJnZy3CHXUVspZ2zdfTCNJG	642
1DnjHEtntP9C1BuJdqcueW6DwU37mJy7kS	642
bc1qlqlm8wczwrh75gmvqk5taluthtglfwsc4zlz5r	642
33R5yrDisVF1hueAC42VtHugRJoZY6z7A9	642
14UhmxBT5fM1fxSwouv8XikhprAHQFyefH	642
1FDPSBcwyBeyyrJ8R28UJ28Df4yhAADzEV	642
1D173s4LUyQicc9FKGtMmyWaDHdAcAD266	642
bc1q7dykwjdr4rhgwq8z0gexnw76utm684shkcvncg	642
1kWsMzCeGmqwJu4MvA49WGhB9sEdPNVow	642
12RB3SqJoSGbaQJoX7XCfjfcMGxWPG4kYn	642
bc1q6nxeaql4l2k0xemq2eug64k8whd5mtm37gmpf6	642
1PvcTR5Azr7yLu9W5R49sVxe6GpV2C9JD9	642
14bLo34DuAsAhuURK41PYwiT3CpBBt89wL	642
bc1q5dwcwak83s2h853jj52tut3rah3lcyms9cgrzg	642
bc1q9zp5r40aase2gxxwasyuclw89jskagjs79gfqx	642
bc1qd9z3sc8t54qrjjxjuxrgpzl4qn388szk0jpvg0	642
3P5MpLyPdaCvYN77DHvx5aGgaHeSk1Azyv	642
17kvXtfERfuppgnvvMw7Q8B4iCZyrVp7oE	642
1K8F3GN7Q5iTikn1Zq5oyviut6QBNyHNub	642
3AyXZDb5cWxF9uvzgGWMuvva4h842Q1PYF	642
bc1qa2khx4scqr026zu3q3hmrk5h0q9lfehnz488ya	642
16kjFWHmnL2E1V6wV8Rbra5Hc2259xWH58	642
bc1q5m7rs3lg8pxfe7nlwfcfyv9zfd8877rhuxuaal	642
19tkYzauWfVqM87FSZn5zfoWgFkiqVdCAk	642
1DGAW9y1MJysemcMhtUBE9i4AKAhpoXwNM	642
1JMqQ1Yp9VDKr5YuWRR132eZVrmfrP6Spi	642
bc1qj9dtf059f3rwt6zurwfg6us3usa96gh7qcv6nz	642
14wSCHhaqJh34UYfMfHGqJYE74zdBdVwZZ	642
bc1qqxaygmdp6xfxzy9dx8me8n6ppxgvcn3xqzwrwm	642
bc1qdgar8c683pku859ycthq4yh2wfy7kfjktjfwmq	642
13kQsoJ47pJqaBpzU3pBy9L49vuLDasDFC	642
1EAipruJuBFLMF1gjAsJ7RvzbCJ4oG44E1	642
3A7uUnBSUrZ2YoVh8Zg8Hp1MsvwqnrCWq7	642
17DnNRQNkfvTq6XveWZ3kZ4pabbsMWtrEE	642
bc1q79en6acwusl96j4rg6lh8ygk0wl2s09zqc5hdp	642
1BxTfbW13nKaWYGjZGihMzir27rMzhjqay	642
1GN7F1CarWM7QSJjG4F8YMP8de6BHophQr	642
1JVsG7JfzCme2STR58XrbB7CTNwYZDqYWg	642
1JJBVx574NoDbYx7qbbHVF2ZgyKPaMbjtY	642
1AwCwUtzrgos1vaXZ4nLMmGF4enHMMry4K	642
1YgZRC79a4hPKGh35MgLm7FXXzEgqEY39	642
17FQyXDptXBtE4tavSRRcx81BPuAaLeZdR	642
3DFNMSuBkKUBcuQKDTChbG4ByroJ2zN4mc	642
1CFHubujkV5tApgtxtRaZ6j2hVSJe5s2Jo	642
18UQg11hmzo9963UqcXYWmdfd65fjiyJv8	642
bc1qtzshxqznrpvhuv8xtvq3f8fsd53u6xc92n48zk	642
12uKzP8r1YpDe9XSiF3uQvxuXm8unM6GGX	642
bc1q2shg0klxz5xh2v8k0drrfzl40j3n0xwmang39r	642
bc1qwq8sf2z4m9dz0hyzjwfza0d7eqtacnfv4n0x68	642
1BCJcuDR5MAckC6XyWH4F3woDRjEqK7yVC	642
1F2DvcYuqKehGFiZnR2gn9NvsiuBCL2exo	642
bc1qj0qwk0fpd9wfm2cyv929kwwg2uv4lrwlq48huh	642
1JETDdteosGocB6118fKLLuP6HM5MtaUF8	642
1DMUr2J1kuBmdNjFM5b9weXEherRQsKdDU	642
3H4VncLNFAHBXASKLy7oeYDHszHBFjRdjr	642
392DFrTBDuoPCfA9VgoWnpiffW3Mh7iaqM	642
3MUN67PaPE8V39zvecQtw1ZKtyo3Cm9KQd	642
3AKqdKFx1ZMNLsgri7TCoZmSrFRiv2bjxC	642
194jZbbVwR5Xixhe1A65X1Xoksnw1xnwaz	642
bc1qtntkng99z63qv2xq6xut337axxuplcprprek6j	642
bc1qvssrw3ux3d7a85k8zw9pm0pkg7k7evxnsky39w	642
bc1qdp7xy2u7ezmpr0w5z54xrex0mctqjje8wd7zza	642
1QFZzrEpqT663cVroi9UytSYSFYTGtodi6	642
bc1qff85dceweqq7udk240vd5s4ea3tkcs4zcwl640	642
164hatWR3zmKQQgbMWZzRg61XPS8qbnLrd	642
bc1q868snwartgfg7qaf3w3vv9x0vahekjaqz4dw8v	642
1Nc2DbaqcvNsacpEmoCMHHVZcMGroSxPmh	642
bc1q5293agf4xnxrnppv62wwmcl0n0zpcjzq08muu9	642
1PLaJcUc1WzjG95NA3pb1bW8W7Aes6HCvw	642
1NmCCw9tuZC41MJYHYQADPDA3SF2uNeaY5	642
1JxVDbFLQsacHEem7oHwcqkJLt6G5BNr7L	642
1C4LCAMSzBBmh1tVbJbs1iEt3Xyfq8R126	642
3BQQo5XB2MVFjU2VdXXyhLjZ7CH3oXb7Vw	642
16Xw5CRT6jhzcN33tURg7kfUmm2GexJP86	642
1EsTpx6kGhpeQzFwGvuDgSEFNFEe8p4Xgo	642
bc1qvufh6x0s7qmksmt38xtukr9u38znak4ft8vhy3	642
17SDexFboQed15EMr6ZDwbSfVXUxr2qqAj	642
bc1qjksj6xt5fkyv4xapddp6x2yhtam2dn3k5q3ujg	642
1JBJQPrSnnQ3L7jLJwUDkDePC2LsrkFU7S	642
3EwvYZqnTmWrEzqPmEG2B6owYJySB5EYmy	642
bc1qgxnh5xa5r6vyqzwdvsjhk380pcp4cu2svpmnxt	642
3PnVCFc18BwyTh9RxTdQu5KyHj83uxM2Kt	642
13TAmfJkL22N6J3t9mJDYCsqMwmcHTGuFx	642
15aG4ifdqybS7RGhR2FYqyoFYkxA7X5ZDY	642
1JGVTJYaZGksqiZBuyMwC2Vj98LU1taPt9	642
bc1qycgxewlz4ur57v6r6hfk9cpmacyjphyl0d4l7t	642
19QzropjeBS5JuVo9oMxjMeFHNoNQmxMVS	642
1JU3TPzmNiGXPMt3cE2gv4DKqSaA8895Xe	642
bc1q7efnq6aeqw8v9jcnc8qzm4trtnaxuans6zm2c8	642
17KJ81Rv4GMgUaJejByHpWCNT5E3UeeqmT	642
1AShRpzaQYrVpUsp3owGN9rh5CEfTBoa7f	642
1JDXzeTpt9XPtE4phZRkh7J2RRL5QzC8Db	642
1DDAwn7jmMBvfUcCLRLdpCP1KDvLSRsjGX	642
1GQi1tAxRLtL447WoEkr82M1xjgC859uC8	642
3BhyyECJq2SoPUVNv7KDohPevy6SWaGPer	642
1CfHmG1bgb76WopYMutu9AfBziSD9X1CRn	642
17MJk7nwk7barr7cHopgW3JkX7qnARsXKm	642
14vcLcjmg1Px6JDuWJndpJsjPmwq9PrjfN	642
bc1qgpff5d8hql89mv7fytl0g4zjxhhhzzgsxrd34c	642
14R3FDtvfHPTnas5o1YCLu3VuDRHgcSnbh	642
12mMSxDNtvsnwSifxwZCyRYSTWmZC8D9BL	642
bc1qmvyn34f8xuh089xlasx78gr7upkq7z0tvjdxp3	642
bc1qdnr4ft6h9zsd4gydrl78t3y4wxjsrteyumsce5	642
bc1qxx6j45d7dvrxvtgl297jh9fve9q3mepyfa2akf	642
bc1qjmrk3dmd2llykspshdsjutzls5ms26lv9px2jf	642
bc1qfsee0arruaeurjtxmz0zh3pyq48hdnlmg2msf9	642
1wQ7cPRGTMW4xPi8ZY4oG2kJmK2H9meir	642
bc1qekn809nfcw8wp92cpf6u4wjl77fn3jcjwevxk7	642
1JWBVykRaasBvecRQvrp2Sqi7eBkjDT6PZ	642
bc1qk8lfchtljc033yzhy96mqrphll8099s7u985xt	642
bc1qq6pkay8597awvgncud5v7smxy66ymje4wj4zl9	642
1Q3XX2M23RwqVdqygTckwxfKyMEcGeFhxg	642
bc1q48cf6ka9ed5ed8cclq45gh69mf0nnv7e93pusp	642
bc1qptjq02ldewy8a5knz0n9q2s62urnxpqxjpec2v	642
1K9ZZbXq8xvGPTav61UFc28NRfVKQCDaTs	642
1BnUbwhKRmYvFgoFntSZdjQFpBCY5RzYxN	642
bc1q32jz0rgf5h7vklqee38e8unsele74yf7m32zwe	642
1ngiG6HHmMGwRpNc4DVgk89ef88eUkupi	642
bc1qzc7amwzlv7hudd227dukdqfv4clwlv0wepzjww	642
1DAsG8v3K4wbnYHv9wKZa5D4xbwaPgHjwA	642
1CksuPYV9XLY8jW7LSJnDCTDhs6x6Ry14c	642
1HdKgK4VqCFaU9ve4Kydu4kZc5FrAeN8q3	642
38Tw1Fo5idQbwWj1mchFFPCYddKM4DAdmj	642
1G6P88RAbaWiXTxTmqzhUcsKgeYiKvsyZx	642
18vyUBKTfHrguYLdfZ59yTKs5hvumS7HGJ	642
bc1qxfstmwafhnsqkvj3uvjgsxhx7f74uf4mc667g9	642
bc1qmxmrvw98k8xqq8k6f26krwkyf4xkqfte3jxpsh	642
17R1kyWokg4JLNYuMt14H6U2PdMcjA8xAU	642
1GzVpb3FMULpkmXYeMPpkZNpaqGDX8pb6S	642
12iKD1UstxxcRDUJNduzEmbzMTxwUvk8Yd	642
bc1qfrew9equy4sqnhfny73df35wwcnmallmdcm8w6	642
3M5QDKhUcA1q4jmKcdr8ejh8zC1ecqV1Sz	642
1Af5J7vA6PM2DzBX2EwfN9xyp5Bag33XyU	642
1HXRYdS9DUKdW4rF11RDreXrVfTfF5dmAX	642
1AcKwcPp8hPnZ8DoSjFzZkY8eVqk7UqZJB	642
164dwVDYyH57Nmn6SPi69k4UEw53PpRQcE	642
38AnTmLRH2opPqqXGdDFDK8tioseRFuwaY	642
1F5uDEYjWjGbbFN6iFShSHztVKLDc36Q6p	642
1NiQAKzmdEVKLbgy8uhB7PJ2izeZq1xoJP	642
16HohHJTt3mekJi6L9ZCBLynhRXYmmY2t2	642
17ddLyKmgqcuJUkKfsAjXkg1Fp48VzgLWu	642
1FbPzja5498kD5EvGnR6gZj6U2nXL46j2G	642
1Kk3a5cVNCiZg2xsvNoQybKFgzP4XyR2zt	642
bc1qtj2emr5fm6awszv55x8sjyu7f3xpvttpwqrjka	642
bc1q9je99j2vcx69w49t5zzps8y0huqqqak8le3alf	642
bc1qp3f3edzyu95kejnt27wckjpnw2r3k3sqs5nl6v	642
1HxAeswCwYWFVXBfSpCWz9DRGpz8N1KK9g	642
12ukKvYmMrLHwGZh1PEYBMcYW6hQEiaP6o	642
bc1qqq7d2lhxstgyt5kaya20hk0jnms5fsu9629eyq	642
bc1qg7n8ytcethyrsc4uezqahm30fvyqdmzwa8yxpv	642
1NWQbBg7JcGNkj3mS7wj33rNPAEiubRE7q	642
1AUKQwWcgR8kcQExKkTDHNTgiwFum4QVaL	642
bc1qfwcmznk9kcfgptfhk2jap64qck5gt0yd3ykp6v	642
16e5PwvPHU1xsmzsQWUTqDCsD8WXMf1ysG	642
1AWf2oHn35gW9eSWP8Xsn89xNkg6R3DWoD	642
bc1q3f8tssa94rtft62nyjx8lcr48llq2jtdy6fzas	642
17G5i5GNq85u3K419eyF4rVtPzUXJWuMX8	642
1NnCMYLFxjuyPG7fZRBrLXgakGqy3YmK8W	642
33bkqaeT8jdpTVo7eXCYeaoHPEEdMCAmZH	642
19Wu7qCojhnA9fgkcD66BAWMMiaRprWFT7	642
bc1qu9rqhsuvc5fq4j0ke7ks9evexugjwc90c5szun	642
1Em59BdrapmzRz7NkAogFxomzLpMsYEWvM	642
14LTV8y6RhWRtRLdXHBXh3aHaJyu3eAQTi	642
1EVT3Jj4pnWeHnjdcP6QEJp7TTZz4X7Hoo	642
1Ab8tTfTn9vfyvxRBfKfaUwJ74k9Ldhkm3	642
1BCmeugcPsZEGF6NCWb9moRnP7bMZ5JHUP	642
1BqUhkC8d4vt2VYZxfLHwsgH7nAEew9Ksa	642
1ZtWbx3RgNb8zmcj5KejxpXLhxhoe9YLb	642
19oXjqadKtu1UF5YepTZq9TzJU5VY1ynF5	642
bc1qvzhc8zyt37r03hxkat0gsy2q474hsck2dwtt92	642
bc1qfprjhgqqwmwv7z0ee5jgjg6pfs9dsug8j27ugy	642
bc1qapdpx0tmh0wuw2z9cqluhec4ryh2u3qpdglxd0	642
1NtUXPLJV1KcvqnjSRwhWeRihKxUD1Whoa	642
1FWJDSqvmBY7rxyfpYbotLp3mWEFBgKj43	642
1cd8BtbML97JZEiUXm2xGt8FJbMVDzEkW	642
bc1qh0umdy9g0lxwhq0cll773r70q2rk2zryssscl2	642
bc1q7lr7xqj7a38ypexs33qmtynd086ledq02gnsv3	642
12haJWKesMHvqRyMZ6qMgArADiQg2nX629	642
19hspAVYBXCEj6G3sF89pivtGiTWxXQcrU	642
329BPpgGQqXVTNTzDytRrDDqnVNWyx8K3V	642
38ZgNGYKicFDzd2m6jLGFtcuDA1Wtyts82	642
bc1qa7ul9myye24y9f89wxr33dcmfnhnaez5435q3p	642
13fZpgVd9Jn9DMZgAX8pLwyVyTqUMfUpoW	642
16Bgvx988sY2rLCaf9goGw3Cr1MAqWcgxf	642
bc1q0xjshpj38xyzqcfkdkf7rtyfcnv3vnx9a0lmzx	642
1GCiLwa3Atr86Dobs2F6YxyyZRW9KBhbSF	642
1Cs4o8Ao5cC4HMZ3gBrSL3PEXKEJsZqSsX	642
1BcLQQBYTQTTWoKnnfUkVWTe59MG8LbwKW	642
1GAZtjo4i5wrUKK3Ra1c5ZsrZqv579SPum	642
13oMeGTccBAsszweapPGvG8rNShPFMKPrq	642
1GpARfJxVhhJABPNDRZUcDB2F7Fxq6PQxA	642
bc1q2kgcc8fg2tw4nzn4a67v859gpqk274znefxjyp	642
194yhiJ311xcR6EPekZXRrK3XphLcZjL3v	642
1B6Ga5fYGv94KN4jnQcN4S8JJLiCeZtZoH	642
1N3h8FRt5hmpKaV8NVM9g5R1psjGNyqKbp	642
1KKyip4BnYXPUBzcGXJLU3wtTYfitAN95L	642
1HVoHJUMSiEtb2GepZuqgvwsgZiVRQdX59	642
1Q8Jze5q3Bv4Q2G3zfZttC9d2NpYBtHPno	642
1CNZ7v83ZMWbf4AEKsTzrwPUvRmS3b3sjt	642
1HQNepPCqopRbombdAT6YPwZSDm9TqoGPU	642
14qsKgkmBJQDYriwMvDAkoVTzk8jV8mBgU	642
1LvDMuovj7Dig7mQtdZw6dE7TnFvkakMAh	642
1MDCPDaDXrcmxSfBa9YGSmosehF43Gi1Za	642
1Lo1zEqyLC91t3qveMNusBq19tuYCMn4rX	642
1FgYrNHtwToipgLK1EuUKqw9RA4JfFaoii	642
13NxyJyPtmZysCihyNC9vF7F3AbiT51eZw	642
1Lq1cFGhxjSRT564bKMXeruV9fvPo2c7TG	642
1AfpBQCRt5RxbCJ2GAjz48ZtPCu7vvjwJw	642
bc1q5s427cc2msy232ce3nhrmeqcuhw7djrslvew0l	642
1cqcNyGTh92A568LnNnG7pZZQQYekTMML	642
bc1q7w3wy0n2rd28ddc7m5zvh5v3jlhfjwgr3pga8k	642
125YdTsTyJ4TutxNXawKw1xJTjxLuerwVy	642
18XZdDKrv4hJwbiKTYB8CHe7CgLEqufYsc	642
bc1qvj2nfuywqc29f575mlzzjng5nsq82ur2xjjmpc	642
1QLac5kf92vKydC3M9mTVqApB94DGgDB5B	642
1G5TtoTQz5oBp6ctkfZcfYXJsymaA1VA6p	642
17tPdCcmsrZpD8Yb6jRD82oDiSHc14B617	642
1Axn7ZCKJtCmXV9QhDTGn6kMNb5beaGNjk	642
1DvuueCaEBLyzhbmTiw8sVDUnTtWChUdbJ	642
bc1q2923nrfng556nt8rnnstmm437gpfnp986v4eta	642
bc1q2p5hdldelaftq4kcqqqyyly3afjcl6vwkp9dxl	642
12ATMKf921Ubc6nHPenxQjE518mZMSyaax	642
16oSbAgptZkuGC4UMKLp2GhpDrGhJsLEE3	642
1KaM2nmYvDZdL1CXPmyJxMoBcL4xEUnCXd	642
1DCmuaoMd4U5EqyAT5wehTFGbH48cS2E4h	642
1GBRUSnf5Knbuzrtyb33vxdid1vqzcPcpJ	642
1JkSdjnTt1XQkUrsYLfBe8gz5Qs4dr6jiL	642
bc1qdk339c49l343gud7lqu5wprs88lx3auaq9qt6d	642
1LdqiVmVPLqJrvXt5HxeoUP5jRvRch7eQQ	642
112HAhUWcJ6m7vXoMrhR7q1wA5qP3gjPQy	642
bc1qg5jvxtavfvgwyz50yhujk8zckvqszkag8druxz	642
bc1q2w7gmpx7lycfmj0rayakhqtyhfzhg0j0rzgc3v	642
14ZXC4qTUzjyVwajbqWCeX3gM3m2hcmLSr	642
1FraESsY6i8arpBqJGb7defyrXb9EXKzPd	642
1FXmzPe8yHTAef7bikyeJZXG1q2k8YEZBd	642
bc1qfxnknehq9kjgjwtvn7xe0yg4twudju8f6yqkrv	642
16iLnPbPuJMZPpHZG4msCADspuev8Pxtdq	642
1NibXcVhZGk2mg6vmLvqvnBEWumZT8mzat	642
112cArjDhXuKdTxG4Tsv1ogMLuT7xhKHEE	642
3PVBrSRErvngoN2jxuiR6oaZtTX6qiP8VW	642
bc1qqh2jxepuc4kq9t6tpkne47gxf3sfd6mjuantr4	642
12MH4bkV1iQEypASAnJ6HZhbBTvgVwgvMu	642
1AbdF2CSWtUAFXBnBfpSpsAiaPqB1yNuRL	642
16h1ZGgmFE6YDcqXQx9rTr4gBP9drM2Aqm	642
18vgJcdYYAqBGAqGYmfgMuAKy2ErzK3WBV	642
1BmDQQZ6DgqsnKX5tpjBqA8ELV6KTJGxkR	642
17MM59xoStbmGhAiw6GbB6W8vF118oHqeG	642
1KHrZtFzY6U3dXAXDF43ZkpaqrF4K8XUGu	642
1M3heACFH72kKsDF8BzAJfnyivPfvLd4E8	642
bc1qx0yf5f5v6eey3dk2ta0gpem0fl6q59zcrxhwfs	642
1CoywXGgkWhZq23dicbALfBcSxATrqQipz	642
bc1qjfx270m5sem9rnyhsggysjw9q4a0l3gh4wju3n	642
3AkHfFSHxXXU8ZDgzzfr443qpsuPWMu5QA	642
13YftmbwhY4jxuZokgrztk1btrSHivgirR	642
1BMGEBziUVWJVjmjnwqL3TqCYDrsgaeY3E	642
16ZZNHknLT7exb8gWRbm3p8qbv4MkJJ5iJ	642
bc1qt5kn82xxnenzya06zshc2r8c4xqk6fcyjhrt0v	642
1AELmyv3sghjBeakNsMAoJsB83a42Svq2K	642
1LdiQbKf1KRkMneqZDS29tS2JiRDUqHgaU	642
1DHugPTGDuGKof3rJqUu65EKnrbzjsbijV	642
3K9sy4SzYamrhqdDXi3Wv9DdGAzAepDeov	642
3LtQKz2hRoZYA1hsNCAeGdP5kBCJbbP5TC	642
bc1ql4c73ddwr2650752ed9060rtqk5w6y07cf37s5	642
bc1qwy5mx97eaz63l4wl8lq67hwdzcl0mhxktyrfg0	642
1JGUPHF9cju6ma4wdivwVFULvhwYZYqxfN	642
19SpagBC9D58TAct7WmxAx1V8kX4Peew1y	642
bc1qn4jz52mqnaeq3a6v6n48fggjhmww20ag9pe5rc	642
1E7T6KMWUDMHGQidTeJRH821mfLeJfPnmF	642
15X3mjaKZ2aZHWhNuDusABds4N576WbP86	642
1P478mz9pKUHVW4rj8YqSaj73RKTVJoMy9	642
bc1q6as7rmqrfvyp5vxffeaqtmawk29vuu7p4p84kx	642
1PHbuiFAYNric8rSRdVwe3NkLc9kHDyqWo	642
39ytcRTXfByrKKP9275axyXCWsjxrDP5qh	642
1NTK29TSCP6wwg2bSM2YrEZvXHq1eHkYwY	642
1BbJUFCYNqpDUn8T1fkdoCLfVjthbT3MFx	642
1Kor8ygcBtVSjzv8pi9pWsXCAwRdDT5DYQ	642
17MyECyjoh5ypqVcsnHS592wjM3apNqqMK	642
1GEdtQ4gjw9sqtrVMoooykmrrJ4e6uhmUf	642
bc1q4tt8tfyphlzzexxkmj47y4tf55v760ggltxlzz	642
15u3bh9Fv9ggZDSHMe2RbKUev267XMkZyz	642
1Fvn6cgvZcYuFR5qwMiqs7at97Ha6gXXXN	642
1DSLgKPQxFaU7FCtQUDfQCVP9PfZ8z7AQb	642
bc1qrg34kjm62s357ksnqlhfjnm6expzc2r02r4k7t	642
1GoJvSAqNMCk3LxxAFodT1tUek9h6UdnoL	642
12KeNjvw8g8mU21LspUdLHZ6PwVHoK4Vik	642
1LBUxYujmyny2xqCpF96GW7k244WVX18PP	642
1Dq2cBL3Dzeg6wWkHFpjRxhRUsRG1yNhs5	642
bc1q6g5s2ccj8nm9vd7qtr7r556wlymxde2py22auy	642
1M54R42yf69867ZMDLYr8mFdRfuDoJjvmq	642
bc1qnclgz3vd0dphtjgzl0z4awglthf5w20ygr8vm4	642
bc1q7ep2j7ht02s6gszwznv5fgmdc3j9er29sqv697	642
bc1qguujr3ymupja2nu0xpu55sm3pcgjuxfgpyzh2f	642
bc1q22q8e7ezkq77xattaxw65lpcunh0jfy4a2ymuf	642
1vMSgHBQxjBzB8B23ciQFx1YQMSHDaNXc	642
3QioytwxjNSh8WuBtB9bGTRLaV3YKdfNJS	642
39wJHvEfqvKszTNUVYojg9A969ZUzT5ZTz	642
187jcS7TKPzWqMe4ZamuCsKQ1BbGLixytn	642
1BphhMGePiTaZw8Jdyydv5u4S5tr9cMMvX	642
bc1qe43kcshv2hnjhv07rvng3wyyf2j5wvz4vwycva	642
1PuYxCosp8pKmY7XAchqqh4DxihEkp34K3	642
1M5EfLtrd85o3jhG4ynEpVpfbk32ZRtTiH	642
bc1q7eqzp9huy88a78ytnk5adp53hhl5g2qwr84fpa	642
1DrEYNCwrcjKLjARucMcTDqnxj5GLQvi4Y	642
bc1qq8p5kjmxlasxqhthr82jgq79gdw0dp0kv6ll35	642
1ByMcvuDxoeXin4SZrwnAauEx1Per28bPV	642
1N7qhJPikVqEggQNBUgxfN8LdSkQQseVwy	642
1J4fVoeDN1ZS4uN7d1xKssdiQsqfzXsgZd	642
187V5YRgKo7D5xzwCwBivMeSsimS1GmczA	642
bc1qcpykujyqu03wgcfj560qg8h79g559d7cvevx3r	642
bc1qca60lddaxd985lh92eh004ftpm4h62fejh9m6e	642
1A9Nwp49kgpp7c4gGmFwmqYkbbWSCDAYPT	642
bc1q0alkh5h60gm546p5fk2t9c46a06um849sckk09	642
17bvkuVSasraSVwC8VCuxSkhyBbzYKaZpn	642
19B8mFq4JZxAfQxwpDpKxmbgjE9ZWh5PVc	642
3AG4WyCqEu2ELyqzyDDQZKzW8hZkUycW4Y	642
14AL4fQwfJC46DJQV65bFxZxS2LuFqAv6p	642
1N1rUgPFrZmQ5qH8DRgP33khhPSmGnVvbd	642
bc1qx2jsq070vptpfslutay3fkws2fnjhuqws7ae6f	642
bc1qx8mghs0md8c4pfshsvfjh946awcywcwncyr3lv	642
1DqaDsZeQSCAEwBCDUaBWPcSXWEKTwF2Gx	642
bc1qczmrfmah5jul06aczyv9hv9ylvdg2ux7yfd9xx	642
bc1q6svtsvkqtvda3fef85c0pk9xwn847q7zjyegp9	642
18RAE3MRSXAp6rg7mhdx3eXCF96SHX7LPZ	642
1Q3b9mbxrUQaHrfWK67FCF1TxpgQpjEqC1	642
1CakAwx3Ayr21aoCjergVEzMWNbKnkC638	642
14g33UHm96k5Nqm31x7vbYd17pN6V91sGf	642
16Hd4jpTQ2ruE9ksfMamB7vCqxdKJ1jymK	642
bc1q0d7d33fjndjxxa894g3wzg7wsxwk59537kd73h	642
37v9GPP2AqjRMvuCVia3PAW7bGNU7oywTP	642
1EAS2BaoE3xKuUR2z1iPc1KGXn28yvo2Xq	642
14grw79Zehe6W6tKzujE45WukiSgkAsPF2	642
1DMUQ26nVsjJgegUkXLJEHNm71Xpj8xoqo	642
1DLN9gHTqzwLK254vsFD1UNCvLHvCrM5oC	642
17yLRvTrLMsoo5LGp1kg2AHQYyL91oPNEA	642
bc1qne9gynxh0mskwghfsvsmp8tn8czjrmewzd9r2v	642
1Ntaqjuge6yEqh3guzqCcXYx7W6afqbTiT	642
bc1q8v5ll689qjjz7g4gk0qwaste0v80y25e28ecy8	642
3MHmxeakasgYM6uyQqq84pNMhsC6vvVRYk	642
1DHG2UGgbA9ZXP6U6YKgaVL1aNr5dhfYuD	642
bc1qgqnat3w3kf7dmyxdlqzy2jvxyl7vk8hz2x6ge7	642
1PUdZPDcnFmyMKibVzTp3eoN9DS9mRVdzR	642
193FBLewr6b2vAdqUAyN3k9xSkVfU7zpeb	642
bc1qmrpdctr3e2kdp4vey4n73nv06l20z2dgpsfkxg	642
1AMUgGp3WzxQX5t9xHWnND8cWCrmFCbYAH	642
bc1q0y7k0ldff8rfq7dcta8cdhmf76ayx48g02l3sn	642
198iEXLqf5i1k3iHWt85UyMCa7QjxLZuYu	642
bc1qkphm2ns3tek89xwqur8aese5uaqghufrsj8yut	642
19aaYhETketkiF5NSgJU8e1bygHsM682mv	642
1PzmuQwBGFDdf8THmoPCPY3HEJxWeghozR	642
16UMenotgqqcWMMTZPgWLPeBWX7nt1EXL3	642
3EaUsEbfj9znesVSwjxsXeuMmd4d1vxVMR	642
bc1qwehfjka0lttn6ukzuhaldj9ylkenlcx8em7xwx	642
1AnRotsGMpo1M2XRDm9DgLktmvqC4QDhCX	642
bc1qr9vfw9plyfz37h8t7emgksyq29fna0gjh3jjrt	642
18h7epvC5UbnpxZqSMQPYC77y4pKcEYh9i	642
bc1qst7aeec6ncucduczd0qawqr85ywfelkun9veyy	642
bc1qq94pd5ksffup9f86hs92madywg8apmq58jnq2x	642
1EF2AAXHngZHkeKX6v2mZd2RnD4PmpmFaM	642
1Df4bmv8f6EZNK844sWNqKFg3iQxkR8oxD	642
1BC38n4cAMyDYXcZjbVkwJRrD18HNNRtLv	642
bc1qdtt3htvf4xcl6y29546ug5dqf4seydth9xpwcg	642
12oDJMHbZPTPoAQuiHh8YeLfX74SCfcw5v	642
1Nm358yuxnfJWCD8vhYg83Q8F92NC4DLUL	642
1ET3DW8XtD6Zs6ZsAQPhy98wvEsjRLJq2r	642
1GEXahk72StkNWYtkkv4qttkgAybzDvPEC	642
1Fs9e5ytHdAVHBGCpXWoNCPB2wjJeySaFM	642
bc1qyz9a557589zkf67cr3xl4gwygp7ulm4kcxsdww	642
bc1qyl8f6hfemek9v70sdl9mvpsq67a443mnm4qwhm	642
1PKnbThxMFR4s2e2CL9NjHSd9QkmkhMJn3	642
16Ni1Vx9yya1sW9mv2NWy4PFK4544h1QUP	642
1JChekpzMrRnZTDC1QN6na6sntPZqksbgv	642
1EiyBKxUYG3hwQLxyUECoNfjyz9HcVhFUJ	642
bc1q88ngrdxyf6t0wqz3nngs9uye57ud9ppkkyu375	642
1Dgf3re73PWFovD2UTJ12EfEJEBhFWJS6Q	642
19MDTRXbgBYfdbdErv3wq6yiUZdmqMMq3f	642
bc1q4dglzrerrjappycuv8rn7ncye3pjdx0ek7qacx	642
1AAbfKiPRQAkbMeDXuPXEKfcdknHyUkjre	642
bc1qcud0lzqpyuegnujn5l2ey9lspa04j02ra5mvj6	642
bc1ql5nte7dgppsq6vnnpvw05kd4mkz2l4p590n8a3	642
3EBujHeYmyhzpw9gc7RJWbL8r9ujhZLHX8	642
bc1qgzzdug63f8fvzlgvm74vkj5fcs3ewfw29fztgq	642
bc1q57mz7g3h673h5sfjchq5uymywm9au2z2xkyvme	642
1BZZjxB2o73VhDXfcA4kpuac7SW8L2Ykf6	642
1BnfHrZ9G3TQrnbsyTTye3F5P8UzMP8tzD	642
bc1qw8pyaqhp8taulkxzynwv2zqec56qn4ef628c0u	642
1V2KKLxms8qHNSK1b8jCpba3Ta4nKPU7N	642
1PCRq9UA5zqzyCccC9UtjUjpQgasW1EYui	642
1Nb7hdSUPkHecsPNxgV7pej45tEZ1VrY6T	642
bc1qkcx83ty0t5jx3zk0xn69t8jf3kwqj5azpdn6h8	642
15wuA5syDVYFCWfD2TgmhbAHz8WzfGF7uY	642
bc1qmajydcsar54snt854h8hd2qr7fvcve5y4xmhvy	642
1DxiUDX4UutpAqbVYy43fDVeLq3tJSDy5m	642
1Bi5awrLioRherBhrB48zQ3bka7WiJ67Pk	642
1McnhAJHu1LozeVkYvvR3ydDoZ9ND1VENP	642
bc1qgx0e9c3h0ftnsv3z5nhld7xt0s953y8djqlru2	642
3CyTTWQ44NPmxEgwfmXj2HJ1FsyiK5ktXw	642
1KxetXcSxjDRceexDeM6etn6KEP58gS8hE	642
1jnbkAeMfVVhugNBY7n41cxDS5L4Z5AJc	642
bc1q9haa2hccrxm3ev20uyf0qkwvhefln6rv90dhr2	642
1BHRY1ewuvbXTNMAyojW3X4ojNDBbjNZjr	642
bc1qs3jxue3xh6a4ev2f8clgsxzl9luevc5vaf7w9f	642
1EvcGFfPQcduw4jkHuhSQQN3k2cZtff7Zk	642
1QAx1HSm8KsMSm9htWdZTDj9LeCpmqSkRq	642
bc1qtjj4tc73hzsujpdwwu360lnw20qf2ef8fwqysd	642
bc1qr2c7qklxqz8mfrpc2y2prh0wsw8jxxrlfmrx0d	642
1FQ3YXHiVaRBZ1RT2RagY35BD7YrVXZsU4	642
18nth5WJ4nwvS62foKKqBZ3QaD68GXDjsY	642
19MKYbptN9QaGfJ5K6uXCynaueJucNmese	642
37ZJDN6LqavAJRqrRSRpfN5uxnvsn7m46D	642
3G4hCKhShR81Nawy8Ks9Wucf9LZojeqYSE	642
1LwueqsuuoWLmbsknRy2BcW7jEeHoZK6JT	642
bc1qmanwfjzm7zue7xva2t9f7rl4ge8wpafgfp57tj	642
1Doy5QUXaHkDF12DasYocpxnko9M8YrLdu	642
bc1qggmk9tfd6qllesdjv9xtlmqwtgnvvr8kg7rw0n	642
1DaDyF1bAMb1BC7FwZrv3t6oVvLcWqNWWF	642
16tV8BEpfRNviHbFxmaK9xZBEhz5h9i9ac	642
bc1q34274jamhwqzvwnck69cdn3k524lvuyrjhc4tr	642
15XePkJDj1DNCESqCRgX8DUcMLd8weuUvs	642
3GAiimPZoh8bNQeqMrTZcKEefUxXc7h8FD	642
1JRpASEY29oUefr2uxpMVcdNP5ek1YA8K	642
1NK1Cmcx9kDkFByoHAvoz9dqwyp698BcYN	642
bc1qnnkmyjf873ajtkd3mt8ju4awru973mm6f4uxhy	642
15sWMsJE3FNN1zxq1C8qD4nguoxgmisRJn	642
13vsjDUyQLL8tp4jKWyFRkFgLQaaM4KhKx	642
1GMPjGB1Dudk793Emv1o4FyYpWdDZKLV3q	642
1G389VL2po3yduWDwc5vEQ4rsG4W3e27Qt	642
15Yu1CcB8aJ9XQYaRDWoRE8qQvL5Z2BoWR	642
1G5HRZfdsxwnH2DFCTP5Pa18XnaMpAvveU	642
bc1qcfhexwf3jexs72cdwnh9d423wt26mkvutwp6yz	642
bc1q6hu0w70xs5wpcq0xstkqum2mxhg0mx4pt2pcf2	642
1NnhAYic1dZtPY4uTszthp2iqNBBG5st3h	642
bc1q2yv04rakggz34wt00q3jkrtz2sf6tg6fuj0yww	642
bc1qku3eqemz5d390knl2z67apa6pv4hx6sc64522u	642
1Kv1d7UEgN7G636Ftodwy9AnGCrfktLsZP	642
1Q9Htm8RxEMxyuLdURji6LubomkmRtZnvq	642
bc1q2mtagt5kff9e0p85s33sr2860dwc8dj65zh4mg	642
1GkHwRQ7tKMCdh5MTrihgPr5UHopLvRUaG	642
1NdWuYi97LYr99r48cp6h65i3gqninjeDY	642
bc1qur2y370q9ume37ygdyhzggxa6ppqrvvhah0qdh	642
1By89kXfxpERTQ9p9L7SU5zNQE4CXiTF23	642
1Jrqy7NU3BQh24oB9yzgngrhN3qZ7fLDx1	642
bc1q4w5xm2e27rk0m9c34ay56cexxl3dk5dsqhrkf0	642
1Aoe7t722kXvH1xNDFYvztr7qxQ9S3K1PE	642
bc1qss0enz9je4nr0qzvumh8qzaan02sjvkusc3m65	642
bc1qwu4wkkey4uyz3rk2yhmgkxum07gtnxj5tc5yg6	642
12bHtZsuFzRfNd9hcLj8EDMieYEMrBiFii	642
112NWGoC9DkYxps9C5UmcsGXYHYTd8W2MT	642
1F2hHkRE1AbVRxFGVMBcV7q1zu53hrzK5h	642
12dBgxppQNEhd3DZcUmXcXnk4wfRtfUihS	642
18uvqJNmceDwdpb8JqNawvf6rRL8aMrnSB	642
bc1q9049ct00x95msh5t26x39g0nss3w9jcxdeywvn	642
1JtR7VEgZCX1zHjuPoJQGENHn1FVvUSBPa	642
3NLf9xABMTmhvGvhLySwpM2319HJSEYzxu	642
126u8YFStkKQLREQghM6JLEt2HheDSVSjg	642
bc1qy3yyewce8cjfx50k5m9zmhpr2hm44wke6kuvdf	642
1DQ2SSgxBaYXU3VxJ89dhkcbkVZjAvGPLU	642
bc1q5a7p7tlxr39fwe3nq4mk5v85qz87752vdckznl	642
1A6aVFNfqgbrfz5ZbbwW7k1jQjmvoXvBdE	642
3A1GwnfgW62jMuk836KfdLjPgdYPfRU7kD	642
bc1qvletqf9rret2xqw2mv0kjtqrr5e8wwlpm2we7e	642
bc1qdfkh0vfygmfz4d9y8pwkslq2eqe9lgz7ylghvc	642
1JaULmQ6vMy6Shr2HZhiFDqhjNERSheVhe	642
1FCHZxwSGZ71a6T2W6jfFjdNuUuEAjrfMF	642
bc1qtge2z3pce0xehkurf6tcjsdt2ntkcs7xcw4d0d	642
bc1q09th8xztnnz6sjqllj86ar76jz4txw2u5csdht	642
39ftxZ71s5YpGN9WpsyAzWdHEhG7ynKUXR	642
1MvjZoYdNq8QTQpmgYEvTb8VVtXreD2Xfg	642
1CwmFhTFZBtPPoDR1WEoL4kTMZpQb5GjLM	642
1KhpMgGxgGa8ZURqqSYPNttpj1GuUraNMk	642
bc1q6gm2k0nazhrk32peuan4pyncdxpwmfagxume07	642
1FzLLnWfnn92cxF2YxgbuhDoVqkEVuYaT4	642
bc1qh58xsd6djwknns8e885d5psnz963stvryyma67	642
bc1qaaly38nvztyre9nmj3lyeum7m4r259l7w3apas	642
1KoDGKYwVxVsfR3EXUBG28X3fQybYakWmR	642
19c7tBxd6WMp6yc75XTYihEGYdsL8dWAjP	642
1DKrANMhVtscEebC6DUXrwP8gGJhYh8xCt	642
17spx4miH5prtoNdBXjQrUZHasWMkauH6r	642
bc1qm0xhj2fc59vmsnnr870v5wmdkhlpapun43hsa7	642
354f17N2przr8ux3ZJFzPRmetktK7ougJ2	642
1D9cdVioxS8QTNjh9MoxgKXBUAAZyiim62	642
13Uq5aDFMNw2iPYvMCdQZnko4xHtVfZ2ng	642
3QwVKCzbJewmtGU5ch2qbBa3r6as9bDhLC	642
bc1qmn2xt2ym5qzk6duzj2ler9xf7f4pdp6ceep6lh	642
14PjQ9tWkydY7nYmgMgppPAmn9Jo6csVuM	642
15okPsbJ39CKX1HCug669Z5VEeDqh8fK9z	642
bc1qmqvhpwljq7qyar72rezspjk8prpllu3x5k4jds	642
bc1qm4xxxpafcnya0p6lu6csmm2an6m0g3m5tczu48	642
bc1q0a87effjaudsjwgrdx0xqg820x7u52d06xk6yj	642
bc1qggr6nm9whmng4d5jtahec0ewttzgfyzq3cvawy	642
bc1qlx8qzcel4kh5a85d5rnsxk6dhm5vk7d3t2w3t8	642
1NBCX9g4Hc5tuPpx9YXLeZ2JpivzBdKYzJ	642
1UaoGJecNC2AykfrDgpTf1HAyTL9sqDBy	642
1G4tXd74LSQ2q61UBNWfbQ8FkEYGFvYncc	642
197tZwTb6MECMYkkw43YUPuxFVNqJqj5qH	642
15A7htfq6hWAA83HF6QUZKZWgJX1z3GrJ8	642
3Mdh6XYj9ehixzF8T7jRbo3qQbW3D1xfty	642
1PNAM6f89qzzEfFCRyhtVFfrYaDqdt7LtV	642
3EyuMV3Kb9KbAKUyUNRw7AyzEPd9Dne397	642
bc1qhywha2w9s5strshfs4ltdgm6hdlh50lc7rple2	642
39bS79oNDqy4VrPxPu3kVZg2i7ghpwCHa2	642
1gZVxiC3mTj5XHWHfLPjbgjif2y8VmWs7	642
bc1qszhvefj72jm3mccjcf5rr50gy9ctjfuzh8pjxa	642
1PaMPChijZSSb5uTUZe1bXnZiCH5tEVLn	642
bc1qrd57xg6v97rlh9wftfxhmr8a5p6q3a2r8vgtsz	642
1Mg2ejBtvJ6SoR2RPET7Hxep61QiVjCHwX	642
bc1qpfzl949fn2sngx6qrpe4myvpd5hkfhja7plsfk	642
bc1ql7awax357x65cj42em9pvutcucrgtvzn875gtu	642
1DNGGxF6X5CDytzr17p6Qpk1V2BkkDeSUZ	642
1FXN2fTK8oiryTc5f1fFH9q7uSLaxu97Bq	642
16CyrpysA4ycgvAAfiJerp8xHXHeDAvsuv	642
1HsYDDfD6RJQ8tC2PY8BV68vDDnw3Quawo	642
1KowhPaBYjBzMDjHt6rarJwbr7cDKyLuTK	642
bc1qjya0dae4kqlvx69uhsa805cjlnhge8qavlucuz	642
1PpzPJG3FC8LmwmmmLi7BatioJ8Z7Nt9Sf	642
bc1qyeck38278ytn3efx65zr0m7799zwxkn46m5wkx	642
1CboyDg2aZHzJrg5RzU4UnQnHhdHkN68tZ	642
bc1qex3yrvar3w6m4trsgulr4m8r6y9daxd3zve8n8	642
bc1qep2nep60yavfvwknnyesj6lum28mq24d9vqkt5	642
1B6hDvX5mvz8kqurSgXJ6bPuoqVRnxpu9d	642
bc1q6kf6gd240vc43f3f2q6gnl595msuus2s6drg78	642
1HdppVBXeT8tpzL3B1o9LYVXf15Aae7VPq	642
bc1qfehsap5ym0cwsjyxfxsek8h4ewg9tur7qhuhju	642
16pyaCKTmRJG6KBqmTfjk6VgseUYa2zExW	642
1EKa8mXuaHxcWsEnn5eugKTYRLfKzNNngr	642
bc1qj52r9qyg7nv4m8mwxdgc4tl2hljpsuxc7emd3y	642
15Ej3Gd1XPV2mQPQWQNNJoxAVdEPuzzMdH	642
bc1qjup896hpkt5xjpvpeqwz9gkfz2c5gef9gp9fj6	642
bc1q0avsezy66v497t54mtdhra5ht89e3txgf5h8ms	642
bc1qwjx3fmx4zz3040leuj9ux6qphu0562ww3va2srgy53h8gydptvnsnqqftg	642
bc1qy8rfg2tetcvw0jv4wx5aywyxw0tpskxh7ggzfr	642
15eco2ZtGhUEg6e6b2sKeiLzRZPrjpkFoz	642
14eKsjmXAtTQkbA8VSJz61U27wFEdzej8X	642
1At6zXqDmmE4LuQ65kYuiFM7B9MsMEGdp2	642
bc1qzqy77dt27w98xe4dz0g7d6mu8z4na6j94zlzu5	642
15UZPZjtw5yEBazCUVC8AnppdzE9fWMC23	642
1HrgYNV5P82gvr1U9yrqZMA5AVG2p5S3Qg	642
14wmv6uoA8pkCKTTSJkeF5PdTcaSRK3qdJ	642
1LK97zzFTveVKtUYd4sX21riMV3ifN4C86	642
123z5qG8YMJboneqvD8xi8nsX8ea4DNYmz	642
1LpzxfvPzcqSWi9hSyyezZ6kxCMEn6UAHg	642
1NFRF5SUFnReYEtrJJAhUEWv6FPdMpSJ14	642
1EhSrSzyyDnEE32fJGz2jonjYEKbZZgvrW	642
1NAmrfA8tuQHDntgHVgRqLvDgwePnV3Ef	642
1GRJJjTP8uL6pv945Nr6L4zq9jJg3f8wFZ	642
bc1q6x5s8hmcuq8h3e3suqrkfzv2tuvrwuddmj7amy	642
1Am4sRfxUYAUFTLJDv43Nf3rgrbLQyJ4xG	642
1NsPnCrqFqcigU48ACsueC2QVeHUGbsmxj	642
1LxydJ4Q3codETRGnUVpQ7YXmyLFnYJQD	642
1JPMfnWqrAEpqiqXYhzr2MSF1gYbSK6ug6	642
1NeQkGqjUJEjUuRf6RXZ1tAdoDhNxCdCEn	642
14S3mjyjqxPCFkahF5eoR8zURfPBBDrEJu	642
1FMdpEC9MKjrDZqD4xMouhnf8ZeYpEGeK8	642
bc1qglsztaf2v0ul0899znspkpqve4mt4yy284qcl5	642
1Baeryn2d4GbEyGNdSxRFfG9E6ioFfG3JY	642
bc1q3unhchqg0etaw0x6gcwl0875xkh73sjehxq745	642
1LavgzuCHJw4E5HXBhhxezdMZxhN59RA9z	642
bc1qz4kvgxatzy7ceak9hvse9x3sxhfqvmrazy407f	642
bc1qcvdmqv0zxw42eq8mlqr8nz53k3dkmkmlhwk4f0	642
bc1qz479su3n7x2qsru8lyzhg7ls0fws0czuu8rzzp	642
1NEuFQYsxGojFsWQ7h4gvEwSzQ2LpBuUg9	642
1w1hLvLyJy8uMzz6fVPU7QahZg8gZ9u7p	642
1mEKkLsNrjEaYPDtL7rJLeU7oYKvLex1t	642
1PT6vyttQAVoMZXZGohtQUpNz4EkvGFbkL	642
174AZJWfLKcMCPTJEMVSoJ9XYzVVVhLy3n	642
bc1qhmvxfntjfwcu99yfn45dyxskrkru9ekkc99n4n	642
1D1Fb8dXwFoQNifXEXQ6yShV1611R3bRgd	642
1DQkS9AdU5vEYcjcVTXZvCiFkxgNwYZCyu	642
bc1qplhy9tfcwnv4w2z99cm66jgea6fscr26ufgm06	642
1CUzLk25ZqoQWUgXnz2vJd7i3ta4Ryxzu2	642
bc1q7gf5sagvtdm57gswz93mygn68fependmzqfqnz	642
bc1qj88pt058k70z22es2d2ufxpm8dequh2wyavwj6	642
bc1qysr62he0n5s9zak2kheq0l2j24fv5h8gcyy9zu	642
bc1qgqlxpad45e9rtjvvvc7ewepv50deurw0lsttjm	642
17r2grUsQd27Juzu3jVsaqRAnYk3WppxZy	642
bc1qt3s0rjdjfclu88yqn5zl5w7qkzpngj8wrrgwz5	642
12a57bKih4JwuaRqXik7vmpJREaJ25rnWe	642
bc1q2ukjavjl2875vl832lhgyde7v4rasngm0ws3vp	642
bc1qu726lzuggmumu4w8pnnzl8jp4gcf87mtvxl5v8	642
19BQkFJzmm1oqLsqy5H5ttCU2o1prQ2MbH	642
bc1qes2yx0vlk8qlkjdycqdqrpr9p3hwp4ejw9sskx	642
1MWQJ1ojXiGirnuLY8z2nP7gzNs8fsB2ud	642
1DvhPjRtdaVsd79mUnbujhK9vyen5jU4sK	642
bc1qkacmhrz46gvcpv55k0dlplg9m2muznlh3shkpt	642
bc1qdsdz4d4r28a6gj6vt3qjqnlc6e9g54ws4ur752	642
18VVi9GzSYdp8RB6ZuWcuMXQ14eEieBKqd	642
16t7HSkPguZZv9fdzbFgnVaTnEH9rjuzk9	642
1AYLdtiLEd2mCR5q1mBQq1yfB9KBbDg68s	642
3FuiRBqK2sEQoUssHhfH4d7dha2EtZP4Ab	642
1K72QiXk1VS1j38q5Sfa31pexQMvPbRuaU	642
38ux1MnoD3j3cMAvz6bh1cSnSdLyZNaQhU	642
bc1qge9xg0gkx6kh5skta443h5cygmg5m8w2sg224m	642
1LziCH6DCeEkUaLWq3GLgDaCt386wuZKjp	642
1ExXpzKTC3YG3QdMMgsLM6YYPwTtQCezrv	642
16frXikfnHE8xkVqxV3S4VtWvrndqfyfbd	642
bc1qjqpdsjuyhghdclfl8xtd7usg2w90pnpfe652ks	642
37aCdMyyEfFgfER4iWpfuzhZo3DvrMnhba	642
bc1qazry5d2vcvlxz7w2gykr0tfnxp7600s7at29at	642
17rsWNhN3GaPfjYoWrjSGA7d9TmhCkuDHL	642
bc1q3dnzn7wu3lf2ef5akcer5zk049ldryhmxkykdp	642
3KkmyAucbEpWXHjYeFbfDNr5qZu4zZvzs3	642
bc1qudc5437pq3p9ye9xjszca8vh0ajmnn6jdkeljl	642
1ErVXqxn3ZBvB9wG6PZHUn5zdmC1E1fJxr	642
bc1qaau3mzrx8ufr540ctz0chsfz4v3hmxwtwqks4c	642
1TuXCGrsttb53bjhuDwTR4wkBLkMbDHwA	642
3L8cQYoqHPS6Bowq3TpDz51r9UUqHfC8gu	642
3FDWh74VNP8JnYCDiXH92Sg74dm9Ng61fA	642
12jLw6inf57SaCXacC41uHiGN9oNuiWx1M	642
bc1qt345y6qkcnr2u0ymd3sjczys4tjxy067nv756w	642
bc1qrwxzavjk4xjmefc04yx55w0qpjfy7wgpl93shg	642
1PaMXdbBGktbH4F2DkzC4b5nPJSkx5HqJx	642
1Kqe4FQRSGspnetjEg3d5t6f4282bzZBmu	642
14xGaAwhCYmHk75vjHU91qjWEdhMpcuhvU	642
1JXpRiSNrr14QdTUP8YyZMnzADfBnXWHPA	642
1FXn6D9G3ZdMKm5ftn3YwHVymbyEYLj7Vn	642
1AtzAdx1soi8z9ABD23wdBBwyzZDpruYMM	642
1DMcgnKgXS785Weu9Uc4Fwoku766v45p6z	642
3PqzuNXDP8bwh8yC5vZWiK67a784vU7WZ3	642
bc1qg7cm5xtneedrd44czy7h0ztvuplq7e2d9rhue5	642
19CKq9NrD3hFoZni4YrHUPDvqFjpafsW7w	642
1ELXdPcXwiMriqJL9WU2Z154ReRsWWgyRn	642
bc1q0a9xqfpg2vk6k5h6kkk36ldcxs99zg8d0lfvmn	642
bc1qaazu97nng2mlxkqwy0wplr0h6vdltzthp8444w	642
1PvZ8u1YetBY8rVJTbF6pNJ6xjStA9atzS	642
1JyzTcPUeeKiyyLuM1SjEXmTUYkfQsoPHz	642
17bAL1cztw7UR8rrvWRNGTxzoK8vxnfpGm	642
1EBB3KbQodid4FXHdKbRQoQf3h1NxpzbAJ	642
bc1qfsrvpmf22qxgzg0tj3rk33r9wae2pz06he80qm	642
32gX7kG3UwKnGVcjC2KRFkxTRZYRkTChEn	642
bc1q3tc2vzlufwu0zce39wdanqq7c40y6hp3r9wr4w	642
1CGzBG9NNBqk4ksQ2Hz2hFpt3wGPDerkJh	642
1Jx5nV5avHXzN5St1mUSJ9E4FFHhN9EHEb	642
1FSSSvwKXkPRprkkfcEmN5tLqSqqUNb5cy	642
bc1q8rvaym7d73cs9qdsrnqy37u7h8gsjprawtefj5	642
18Zu4XWYDd8QxaSSaEUsGtqNzhmg18HCJ7	642
1CnBSaXAkX9phGvQDKZNt7PB1ULEwAgKuh	642
bc1q5qjgrhy9l8c34r3zv7nmlng3p8au6dkl5euzfx	642
1DbXJDeR8Ub7F7tYyKnEpKgF6g7cfsWPMF	642
bc1qnpjt99ykm6h47rj44rdxky3raqd7ztes0vdc80	642
1KTc2mbxNMYcUL9ux6vnSenPt7BTbbDCNM	642
1PF73LmSxcNMeQLQyMr4tYkWHrAYRyNaYF	642
bc1qq8a6yuskchs6uekd676s7sn4r6yqau85xacurr	642
1C6z87QArRJWXxA3VfkHmnF81LpgCaeDFe	642
bc1qmrgvntffveyv3h59wqzsj3jy4np65rhk6vycpu38k4aky6szvt4sqduk97	642
1FzFcnKT2bfveqgMTHBCgWcc4hEYiYjVTd	642
1Lz85bdYRZGcDtcbNNjcCZDGmuAYHR6PjE	642
15ZqEnUFReoPsLHzuK6iiX22j2BqC415yB	642
175vjPjQHnnTg7Peosd9K2LsfQ5JMvZtpk	642
1BAmS5azSxNdrdyTBAFBUQuS2jw2UsXfUD	642
1Lx8iYDWDZaRaiFUaFrMyVUEyvNEpqpPTZ	642
3Fq82ZPDQ9t9mLqBTKSyBYZvpLPE4macku	642
1CcC943ei4xN9x47g9yvdjhtiA3xYjWy6j	642
bc1q3uqdwt6jjvdt3m8ggpkll0ae5dyuhglpq2k2ct	642
3KywBntMWjA4soCEzWUSMM6RrNCYBbYfDT	642
bc1q4t9e286x86gjvvfyd8eaeny4fqk7pg2q2u2dkq	642
19xJH1cQXfDwvNeEQmbK6DnF2yauwivsHC	642
12R1dSAtBKnHAiZA6BsdYkbX8sx4BqQpU7	642
1452acBTbxU1zxmRGp89aWvTmpLscFZ9vw	642
16ytEZnHezMYrVd7E38LyUuCZgzRzcFuiq	642
16UfQWnqrSfQ5tj8ZT5ZSt1tSH1RtCHs1q	642
bc1qf70s6qkw6s9t76un8zcuzglsj6850mvq4874pg	642
1GveMr7p84QYZJvtptHEcaNJGibemrqzoV	642
151yrXVVE52WGAxuD39HPj6who2mjnDmFr	642
bc1q7wz0g7d0kmyq3j0m5n52pdask6rmkndnw7220a	642
1JFVADqtszWWEvWxVrLcS4KNnsa7JnYWDA	642
19EQctoQKT8DcGq2iFtYURHMDgy5F13oLS	642
bc1qfssc4vruev9dpzr2vfj2j50sghd7tggrqn446w	642
bc1qhudxed4ajtx3fkwnr7zy6hx3r3nazyput2t0jp	642
1ba9cwfDj3wXqqYgbeFmih8AUXBkXhNMo	642
1MoNge6A1e7skSsKPjwytYRcY4pgnj1nCs	642
1EpjyiNWQ8rvXwRsbue6aXdpoeRBDAD4dt	642
114PCHHBXcaQtwU3qRFJT9b9151zua9zzu	642
12HjD3qezjQp4GqJViXHPbw7ov3tn3FhqU	642
13G9HcY24tUZhqnPwTooFCjqRyvypqCmKo	642
1251RYKBSKdt4XyKVN75Wej9BC3oJJkrpn	642
16X2rUf876uSTLNYPPTyGYVLdakNPADtjy	642
18YYBmXuQrtakSq56FD4PPKZMQ5Qq8uVR4	642
bc1q6dhvafxctn4hf6m9n2q457zrku5q327vd6f4mk	642
186WeWcCeVPLKEEBEby6pu2G9SiqpfamUB	642
1ADV2PHyzA6WsPzE9h53MzXf6Sai66po5E	642
1DD948npmeUQcwxSmVJQrCj61Kg9kAkSbY	642
bc1qnea0jgvmc6pyyjgtml5xgvp65wwe27hv235nvk	642
18risyJYiidUoFEQoNYNgddJd6coL31sXV	642
1Cgnc8STT5L9jnmNF8SvJ6yjVJx6rx69Re	642
bc1q0apa7ldmpkl9cq2v3qls706y9mpmvzlnk94ctr	642
bc1qns68aymm9rwmee639tw06ak9l4vp79khumhh7v	642
bc1q96q7eke295km5d4cxjueqlytkajz2gg59um3t3	642
1Np29fXZX1J2Rcr66AdwjUcXSgGWrgagEk	642
1MZcyPBf8YsiBbDGpqUDQ9w8xVL8Yb9gjQ	642
1LCdWh7R8KLjvnXWRpBFU3iE26B475u8qT	642
bc1qsfempnvmnkgduck4z27w5pnychuj68da7chgqx	642
19tXytX6jztHmo9XAZnFnBF6g4JYnACnWS	642
1254WvBcbMv9wYjRQ8RkEFWr4dg2zSy1pt	642
bc1qyzlssuhzj3tujntpg74wmk6vk4qvvq62m8rj0r	642
1KH6qkNXXbV3kqEVNrkLFdnffDfyGqp1us	642
3HMu3tibsTi2PffjBqZJoELoZT4ceMJi7D	642
1DTJfuajGYmCrB3zYWtKpb7FheJYPrUrhg	642
15XgL5Skm1r8kEnJD12XcbPZonGnom9qgw	642
bc1qmu3n30g25m8wlamvf0mkpfl3dfsara2grrk58l	642
bc1qdnrtpxs824ctjakdftauuhu05p9rymnm4dfhtt	642
1EQGgnJazDzGpne9qkCtZAU4hZn468Txgw	642
1AKhrpz7tZTAH1hHtcayaWAa6shTFWqcs5	642
18jbi1xqDpX3J5czY9rz8ma26kvAF3wVzM	642
12jb6Wo5SF6EwLk7cfXp4cTNxWuVF9m4uS	642
bc1qxt4z3833plcq4g9ht2462w7eewejh5em9dvups	642
bc1q5r3ghlx68059zxvcputnnt76echgf086zlt9x2	642
14Aq9wU8HjXj1MSS85rmKgimTHFxjCq4NV	642
1CxxsEBVqJuQgz76k3w7AepZvxpZQZeyBX	642
bc1q9p4yxf3uzr2tt6l6eajer6enhn8z5sqleemsv7	642
1J75iKHPjkrRNE4UWYng599HMRJevcaCs4	642
14D2MBtwHFRHE8fnk3uio1NcRQdXkrxJhd	642
12cTACB5vY9WmWbCFcKJXXYKWj8G5iSFR1	642
bc1qss9mv2lgc4q66upxrf5h3p65s496sscan0knqk	642
13F7QT3fKtbjkR44CYnb5QZQwXwVHw23KJ	642
bc1qz4j5mpq0pmekhga80u2lj80zh7phawkz2qysle	642
1EGpXiGHF7cQQcauPcpAqnTfDvyG3atiKi	642
bc1qq9yf3kqppkkwpjwcev9zp49c2wvn2rnxfe4ky5	642
17H7WM9HvXxRYiPvtjKJQDyjJncVnVTvNH	642
1LXjRyLVbBo2isTVwWiuzfGU7Nb82XJ8aE	642
3E2q3LrZyxcpgeSNFaP5e3DaqzAMUGYpQF	642
18ou8phxydAiqLbKdX1aia57MEnmgMKFYK	642
bc1qcyst6hm957cwa6903ntquwj5s79nm0tpcpjz4t	642
1HjUoRjTRTiYGX63Trhx3Ussfv3tuJYNRL	642
1FTtHfF71sJR4pwYF3BhFE1JeMdeYJF5N5	642
bc1qmd0vtcn4js00zzkmj39xe30lxc8h2rpvpgvtqt	642
17aXzw4WMEifHGwoMirbuiRqigEvLu9Art	642
bc1qzrnmrqs6e6e23fej9gwvcx5exux3vhrguwjyv6	642
17vVXG6EUeMTtSGX2FMU4Qcce8HSMNne5f	642
1c37kpqg9un2wd2jgnh7kh4v9kpHtrpB5	642
bc1qs6jafncpc5stndd05e3xj40a6rw9ccsrg6e06p	642
bc1qleg9csykyhgullef44lyg3gqx9zjyn5jt5uu7u	642
bc1qlt9mhjsuj7eg3dkfhq6782279p78hfjx9pj5nl	642
1BxauXZrLSSFEMTHcyZyG8PpZeXaW7S9oq	642
112WZwybBRCs5knzxScnZqfukbJo7w2FPD	642
1PC3XDpdAAWWiroQVrPfgRoASHKa3vwnuN	642
bc1qdfwwgpcmjvm20uj33pccp4gp62ul2yspsfgknd	642
bc1q52vfshlsw0ky5aqu2sfl5njcfltp5ccv3uwddn	642
1DvxaKQAbVYgC2xYMBpa5BMEeanZJur1aQ	642
bc1qyrekc6h7nd2fkjqp73q7dvuv3hze9ed3nnhdua	642
3P71YqBC5nP7zrr2876eRKUT4ya24nahZT	642
1BVPPDpLRMXgBjWb36bTdLX1ugaVEdf6Nf	642
1KLP3MgNBFm64dpg8dr6ZbM3iLfbJFAicW	642
1DdGgwnQVi3XpZN17zupwxSzcVWFYcemw	642
39Hb7mtCotcMmy5vhNo7R13gEQCsrbHhTu	642
bc1qfq4edvl75upffqug6fty7tjw5ul2a94g444gt2	642
bc1q0mhnu70rq3vvuctmcah4urf8k9fwum93uc82de	642
1ABDE9ZoH6vrwDJoRT6PZvg8aea9VLTZFf	642
1QCGSG3cpdxhvYBLnC1MvRxUrzUEq5hgeK	642
3AFtzfwasXwDpuHgo4QkEyhD81KQieXzUv	642
3MYNSebUxsiGnccBQnUTFnUD2mzta9GXsR	642
19qzv16waDKGc94PjBnHPBFbYgJZx8yn12	642
13fUKLMHRnuheuLWZDAnMQ4LUg8mDiyeYB	642
1KGKZoKU4KmZrFXXjLd5RoKcK1YduW11pS	642
1NWSqTp1a86MpJs49Pm6ZVbx7yxHFtn6jE	642
3QBye2ZYZeuuJajgjki1QXx7pRs32DR7Qo	642
1FEyKXuWfvSbXbkPiq79go5ZjRPBmvFqKv	642
1EVg7CZQzdK5GBTbtUpcLomGNtQgXwyyd1	642
1KHtnCRxuyjTRYPG1jF4hMDcai3tacNPQX	642
bc1pnkdyghwzmz57v5t6fdp026z54qs4kzupkle3ltzz44jsn99nfteqxzwh44	642
bc1qzepnfjltplnzu05lng8m5hpqkh4wc5996vczlw	642
14mFo4xWBMc1tKxdaAzP23rXrWWarTQ8Ga	642
1B84de42dGJiQtHZR4HmoQ2cseNR2pD6pY	642
193qAzdZ6uF8uqZKdibXc6fSxnTPT36vLv	642
1CCHwpMwGd7DyRSRY7tsn9dDqgnJEBx3JU	642
1MZZXwACTUJhV2hYHTJjAajZAbasugJkuX	642
1JRDZxXULx82nmQb884iKTEyBY1K4Trz88	642
bc1qd795wpncffvsjrjzgsz6hdfafm9um9jtadf3se	642
bc1q8lg75x9ed46f3uhxdutzuzynu2f7r3dcwhycur	642
bc1qg7u38474snjxcsus8atysu7frr94u95476y3an	642
bc1quv6k8p85vwkrxkd3zfae7w00wmdfp7ty43c99v	642
bc1qztm5csqnv8nwa9jy0tyc42cg59kp7rfjp5ty27	642
1JuVN8YvMtXD8s6iDbxgeEn2X7GcDP3iUu	642
18YiiR9FfQurhTPZRqEgXyV8sJFc2rK2st	642
1M11UaMtaDJjopC6855ZGtkyALcfndShCB	642
1NjFusTPjL6HAtafku4XwKgfuZag1LK7NK	642
bc1qxjegawuq9t7m5fd06fskszyk5hkzkga2n7vrh4	642
1CyjRvEFJBzg4sCnofPGBuhgrsx9RxsvLH	642
19Ui47T3aVpiC25zNUbGhMRuQ8rVHNKr5E	642
bc1qc6namsp4vnlcpjujc8lsp5hnjamqlhnsf6ze09	642
1L2sUekpzcN6EwGMZRYPzmxGaCs39CUuHN	642
bc1q5ap2u4ff3jala0p8e9vw5y2gvfvqv9y44ngehz	642
3QR4K4v7Sfp7nVArqTwHjxSFvo27YtTCim	642
bc1qvlw0fun96kfvpgwsrn5su8v77ya9umuxrqv9gl	642
37WqsDqKFt99qerxFhUY5utmqM9GFWNh4x	642
1DRsho9KjFKfcuxPpbuaytQrraNQjLfLig	642
1B6Uv8Goom2T8NdbBJwKCXriCdBQ5BpscN	642
bc1q8zu5e5sq7s2f58dfftpx7vxp9prmc3frp0vxs6	642
bc1qw6yhdwya7v3mgedhjsepv0ljssy7l936uk4aeg	642
13LpdQYMhRpfoRec1kBmxCiW7UFhNqYNZY	642
1J6AyU34NgN6BdCPUiHTUym1avkynWLjQw	642
bc1q2vfj0l4xlr70crl6ye8p3h0qerjtws7p6j5mnp	642
1LDSbcjCwoS3Ldfg5HfgMtQ9TDZazyoLbE	642
15ybGwPh8D7hz6Hqzn1D73SBwY7FeBKRhH	642
18TkFsuAGXxWUBbesWBVmHiyqCNL5N3bnj	642
16gRJ8NKY7UsnF9VrXrLdHE6ZeEg458A2N	642
bc1qm5fc0uysk8twj65u3yd36hmfww7zjx5r3uen6t	642
bc1qxkmr0y8jmu8em7gp9363tpn7hvn5cqpw0hv38c	642
1LnH6djR8Xvrgwob55ttHVVnuj8VVit8PW	642
1Awz7fu7hRYXc2HSciWz3YFGm2kKhsZEXd	642
19VcYY5hCzt7yQuTbrHCydKo2zMYcX7hg	642
bc1q8amdrguj3vqefhwfhwy3nmauqrrwjmrvprz72k	642
15iyha3RgQfRBVT37xENZEfZ3iB3ACfVHb	642
1EQzxVkJCS2t3txzMohenPhE3Kz4xfDFqx	642
1M51n2BWKGSmtD1yJN1Fu2kTi9AQVxHSN2	642
16BF5oGKV7inGEgnnCnR31dzxw8sNEYd6t	642
184XS9SCbhmhopt36VXKXyMW6aSDY2Au6T	642
1BT4fB9dHkbpu9U5GtChNtCwe5JEQjpZQd	642
1Dzzd9xjeQwjM9nudWFLTnKkQiuLrxS4qz	642
112atfs1K3DcdG9KaxL7as5Vzzwq3LKd7S	642
bc1qkn5rey7h69hj3j88f9qwzcf4na8p3zj3f33zh2	642
18ALHrA5JnnWpLrUM4Hyov6VgDafw3qSJA	642
1HoxLAyEqF9vVNH243L9CFqnZoSRjzgrn4	642
bc1qrpu45jeu8pfycxpg8flgw83sewldlws24pmzff	642
1GohSFDPL1yPmhQTVREMTnxCqoRnnkNoG1	642
1B68ofK6xPERWx9kniFq4FbuAsAGZMV4KH	642
1LFskq1VSi44dcEV9MvtNxBEz2vucdCy2d	642
bc1qtqp3keffzgdnfzmff99a5jkpfkn0rhnwvexmt4	642
1HF2L7Q5ja7zQ81p9zPMewn5wyx15JkGP2	642
bc1q5j9hu88dluu0vqtnl9yckpqgeyzh7vvtpvpqwd	642
1Bu21gXZKhaTndaeAEfhn5iJ5ZoYfFC58A	642
bc1qc2pkvxd6nkpc9fdk342kfnl75ryv4xfvzh997u	642
bc1quau9zkc984mqm2ek3e6336yma6l0vhpz9yd6he	642
1FXB4RA2d9HFgseJVcoAggq9NcdB8hHXdN	642
1MBpRyyLzaP6auJCrDyWY8yFNH4qag9aHE	642
14U4USAKShk8keQHYiGTMoA2pcbu4N2c2P	642
3DezqoHmTqpwGEi1bM74PWp3Vy6FWx5ovy	642
1325yeYBtQob55waqZLbMXPsYMnTM3fzSr	642
1DCKqw7Hifc9z41WC88JBtmSFeFBRjvs28	642
bc1q93p3t96fchclsdakhhccsnt2r4cy853476p4nm	642
19Z9zcLHPygpdV7PpenfWF3642xaTjFZsr	642
1LFDnoU2WU9i6HYfUjgfv6NFCSmQEvs2Nr	642
1NPrSSs323A8jzjZuWsXFkdsRRMbWZn9Hn	642
19koP8AexxNtzBnSLPAc3kxmoKyf4BoWLT	642
36Asr76rD9CGUDFVNpcAUKxePE4pJSNMrj	642
1QKZQ9f3f9YnG4yMn2UNKbdjZZbxQgLn5h	642
bc1qlqul9nrg4502dmgftp4tudh489u6agqu8n86yf	642
1EDdadyckRyFNwLAt17B7zREkxvafbBeDL	642
bc1quee5te9frgy2g0x0hcwks7p8mt5ju9d3t5p87q	642
1M8AvZo6kSkgbgwY2J4gzybSaXATTaTtjg	642
bc1qhrvh9n52nydrpehzu2myqg409eut9e7z2ggzt2	642
17yec8YwUq6H1CCeJ9BUCbyEGEHxGQzern	642
1G3ZfQ1rgWpi9LrFmehQScTkWZ1F5C8yoE	642
1EMCRwF7w3Z71Mhqc8voU37ZAp87Yo1fKj	642
121HbY9Yw5geY4kJ3izGWP4aKF3VfETKDN	642
bc1qp7de36wlmncvlc47mh3uxyq7eg6k6ct46c7lpx	642
17JZjPpCbeQZ1gtGabtqdVBagYa3dGV4R2	642
15g3p71VBxEb4ZEsk4GR7fjJwFbBiS5uw7	642
1JWQJX8s87nyNG94nLp6YxuRTgrrM71oTx	642
19fCFF8y8npBRvhQzjtxhhAGFagyJWg2rc	642
1LjuDkeDpsMd9LNUE5xgRL6NtG9iWerS23	642
3Aankkrf3qX4zbnmssPETfQQ26Dh2D5Wcd	642
15WVEYbU1N3mH7ixzhKKEDW8hWQvMrkHmG	642
1BM7jJdJMLiFTMKpd6iiJZogEprLd834Wc	642
1AmKFYXb6URbzQVxc7M1CvWXzbstUaqbk2	642
1NWpckd1sqA3VkEpLy7WznK8FhTnV3WDeM	642
12qeD7Q9DMQwWtk6ynCTtTBrnCmWgXn23B	642
1LZomFahjHiXfFXGheb4zGC8NBh398XXnx	642
bc1qh6kcutdfhjfjaf55gjenu04ps35aw78muyxl0e	642
15qxQNTyyMkeZRGjcW5e79RF9nUcpQgNG6	642
3MJpLJobGN3Exg477gdN4jNb1Dc3bSCnaS	642
bc1qwj2xuhx9f3rcr4vvzp4q88cj9andn46xk6wyhn	642
1Kp85SaWoXpsbmwsn4RLXKfsqmjyFYhFKY	642
1GUUrWGM8kXNYvu5R5fSfadaNriZT4SZmf	642
bc1qhelrmtlgsmmhpw88lz9g900qx7pvvf8vcvgfqs	642
1gmE5knvDwzkSXn2DCChRnt2VyiJxnBD7	642
bc1q6gj54j3kw3u9t6qdhx5rppl5arf0gj5f03q2hy	642
1Kg4gRYi4if64ypSnsaGpy4QXAzMSGw8Rn	642
bc1qv5h6z8szmdcqe4fqw3hz2lafm7hlcpglndt0s7	642
38dggnJyYiPrsi5rKsK9b3cwB2ofaNRYrF	642
bc1q4z55gwkwx50pxzyuw2xqc44l7s0mdasajtgmnzvxxclf7nt8kl8spq8w9g	642
1F98DEUPdXJ1KrjXRdnYnX3wkXReRGQqiu	642
14q57voVEsSUWCZhVyotom5qXswVnQwS2n	642
13f3zCL19JEgS5ApGtT7kcGEiRwbpTNHzp	642
1BvP5Qf4sMtCFqsvpaeEdbExGxWiLh8V5J	642
192KzMHsBdQjSoaTSmuarj92UAWAKrSz8K	642
bc1q5lzs9zg0sxqzacj9qrlqvcfsa5q8mpyeltn6pg	642
bc1qc08m5akevj9p678wdecfwntclyufadyrjc6555	642
3G4LRqycqD5FWHDefKSa64cZpyeyn2PiQJ	642
1B2FwDwP7GQgwy2y3KyjAct45g9i6g1yWu	642
14ToWBx7zYzzygpxkLEtX7uMygtRGawi8W	642
bc1qlrm6mmvl83ntjzwyc2r4tjzw9dxpwpyfmnmd96	642
15j4Qfcsw7EDjHpebQAFbhrmTZsqZNTE5X	642
1C9d3zamJMcqb7nejbyB95sCDSwvG69UaA	642
1DMGA1qCMJZFbjnJP8Wfz1opixQzvGvxM6	642
14kPRnwkghDwfAJrVXSU4xeUmbDuPHpWPC	642
bc1qt0glr0l0xmpstq5w2lp53uykhl86gpavuya439	642
1JHoUtY5sPP4Xe8MKRSfT2tPVkwLNysWPm	642
bc1qquxevdyph3gt4t2zsqgntdqg442u8u8xfjf50g	642
1Let3H863KyiCgEF4JGgVtRHcXfoF7jhEy	642
bc1qxm0ast72h2ngq8rxgp7kqkyqluhuymucd9kktq	642
bc1qugyxffja2pwv32v3kexfw0qe0m3c7hj5s2h49g	642
1G1eBiCkDFRn1K6rv4asYSGUcuqnJ8QYZu	642
1LQ7kkPz2UBusbgxns4U187y9KRit87z1y	642
1N1JYNygf8gA6Q6Apo41P2emE5UFKZpVKs	642
1PrTJwBJJZ1kRnTGSm1csFf5hLwZQT4FTo	642
bc1q955zp75h3s4j6cfhjnscwg8cvmjgphzvhhjdqs	642
bc1qw3muu5qskylwx8vf95zdy7za8uwtutpmzr4s74	642
1JMfGDAHU1rL8PNmuqs2e1wcYANXxThSPD	642
18VdYn6cEtMcmmVWdENfTiU46jKZs4ibv6	642
1BUBauMiCwoFGztxvD9PQMknmXG6kSaXbU	642
16jUwT3B3fG8Zm7BLpst9iUHRLMBmTwRxP	642
bc1qd5xtsyjrvw2r07fkm9v9exwnxdlpuvlcgu5gx3	642
1BjHTFpE9e5Qq8zZCSSm2GuPtjm4QHwmZu	642
18CiPEhECLQnC2gjLtYW7bS2Wrxbp57Zu5	642
1BDVy3YfQyut8ikRu2tDi1yHciCUMnfF42	642
1MTfk1TSJ1NNryrjfuupH2eDnw3mCrmFMS	642
36iBC1sLXYGGvAL4gaDD1GxZA2WiG51ki9	642
1PvTXvAsT8Hb2XvAT3opvQjFcMjXmprVdi	642
18FASFgFtQvLpi5gTKn2pVJVW51gmkdo7t	642
bc1q7d6gfrxxzsjzy779h0j2grpzu4gx2lf4ylwg70	642
1ABKeVV2TqnDeoVtJtsWoRuWsFSiSEYWfm	642
1988hBCgrCwyFRAJmUDcTGmmK8LhVrWWuD	642
bc1qx09rzr258c7zfm98k3swtzzlhe88zerl5w3zxe	642
18j6SEyaKihYtwSUSGGSgfqbmCvrMraHza	642
bc1qxqlg4azm5pemwagx3r08rnmyqeu5y2jtwpuwan	642
3GvgXWsKrcSgHhHMDtdeQUC9eybrqRLatK	642
3AeuCAVLhwLgXX6iSB4m5nsErgdUsoTQAs	642
1KwXvVnNXVB1jMKBmErXLAJkccvzs8qtq6	642
36amXv7J3fVigotCXVbXvUBWo5bZcHQyx8	642
bc1qu6m5wpw9xaw98kezc3kt0d52ky5gtpn65ryqnt	642
bc1q3ztjt5pt2fzpju07a232hec53wgn3uv6kc34uh	642
1Ay91FHy6rArExd6N84T4bxYEJNcn7dxKh	642
bc1q4mqphectgayzall2l7ppljlpqmkavme7v0a85r	642
bc1quuhlj2sdhuqps4lc4pry3tteyjkar2p0mtdexm	642
1A4UUmKmyQ2fp2amSJznauFAXV9yJbkMzB	642
1HMJi23KrgPsZugF3JsHFao9hqkNWqx1xU	642
1L6GCept4ofzqUWucEm4ih7iWDYP26uxFj	642
bc1q2amssdrcwzyd5caq3apfwffpde93y8d39vnv6t	642
1Ed5DMWwjhoXQaHSiRMt5pCpnZ79UhdQxn	642
13dijEiMjSJuyHb1gY3ZzyDPKsfPYwTLLV	642
1BMA86zkVUu84mdA7mD1Tms9wPXdGxzehZ	642
1M789LDxvTJ2Df6PmoUQhTWXaFJ28Srecr	642
14vdCc8BfGkjk6omfi5rW9N9hNCE3X1kWK	642
38WzDUXk2wJZmvMmYrjhDETz5eZ9SskjAP	642
145wGmq3gLq8tMgFGJqrdbdnVJ7ofofpnn	642
bc1q0n0ga53awp5yparhexuvvrltkc7p26d6kwccq4	642
13ne3SCSpFYkb2kEotpKVGmaBxg9yGpMGt	642
1Kx6JxjEsV6sHFS7GDzWGL6Ghvdf5sp7tY	642
1AkzxQQXSBvHepnmNyiTSK11pZcAKEtqi7	642
1Gnqr7zjnuCDkwGjShDgvfFvjpXf9P6uLQ	642
bc1q3ywr3dtl3l7h70s57tzhk5hgg8z0q7jkcrk4ve	642
1AEaaDTwHcFvjZLAuNfphWzGZ3oNdBmefU	642
bc1qhk99r3x6qrua03my5sf8lrcurefaf03agn4jjg	642
1MF68Q4m2nqTzYANfxUwqkoQAzxR6BAigD	642
1EpwNzbffkE6YgddHidvV9T383TH2Xuadb	642
1E8ftxzfRjBBdGjEdn4ntacqnejqA6Zv61	642
14CnBdkxS1yf9J4N7i7ECyZnwx2HkSyfvc	642
12sAboJAEB31nf9iVeNkcbD2fojQgGtsS1	642
16fukigegus7SfMcyQVEdhCiCPW8YgT6XE	642
1Jo2j8b7Cu4DuAKv6PF5RHLCn4h3Qb52Rf	642
bc1ql7npxqsdk4t9j5hymr9kjdvv72sht6cg39d44k	642
bc1qgkc9sygdgm0ql6v69jdzzv7f3ege645zhnkphy	642
bc1q596e6efmz39yry5ny8wd2g79nup49wa7cs2qsw	642
19KBz8ojHyf6dyKa5Xmjm5Xf98yswcmACw	642
19GKM2ThCfufi8j5jTw3tKKYpE5TrtYsV1	642
bc1qmyzr8yyulglvnz7wazjxjyj8pvhs4u7em768pt	642
1Lsy6FTb8nZ97vyC8GURJAosk3WLLthF5T	642
bc1qj35j0qkqcwm7m6wmc2errv5775tx399xhvs4vq	642
1MknupjAFfn5nr4GasZ9B4Sxg3PzGxbq7S	642
1821AXEaRpGhGHC3hGMst39kP7FHqrbfnB	642
1DWpaPbxwXCSnwdghHrjmBAp38de6Hth7Q	642
bc1qv8220xpnzcztekewudkpppuw79z4asyfmamp9t	642
3LEMJ3QsZPKyeM7z8W6pnyn1GhP3PUpEYY	642
bc1qz20vywsy6muqup2cdjue8hwakrhdx2xdtn94dl	642
1oyErdSMZjuBfqCXArDiHhMdG4owP63HD	642
1EGPvhK5RetLV55zoE3jr7tpRCXSP3R5xk	642
3QsDWGPZJTSxMnAJofACuq38adXcxndGos	642
bc1qg3cp6yfz3ff2e3a47hjdye966yhjn4sjs69h0l	642
17rEmX2jZSDTdAVYSfQdqYPDB4K3xhHsRY	642
19mPzcUgDG9Uh8Tvk7TjHeagN12frvWLh9	642
bc1qt3w8cx4hmq9n8f56z5jy2qunr73c6u3m22xdpk	642
1HYmMMYvqjeWbvM7ENZAgpPHE3aCZQVVfQ	642
bc1qkk74w5wq24w95m99lajg3hd354tu9f57eu0e5q	642
1DqikMhZsKefiPmpDA3k6LpZsyMrChRckm	642
32LnuYuwxtuW6L7hQjQouTKLLyv2hx9hhM	642
15iencrRYDvuNijRTPNTsobjkhdYrjwDdU	642
bc1qk5f6hrlclf3rafmux3hqpet32dhaple0y5uz28	642
1NXC6KTBMwdST1JdgfV2X7zVwDBKKbfUZo	642
1JySM6RvucVWZE45ron2ZJdDtZLKuPU8BX	642
bc1qzpqy5mmufr8u9pm00cfw2c2dy5drqatvgzafd3	642
15fF64bzXcyiWBTR7Gs5hLBeeHQaBKYq6T	642
15BBoNV5HgVLMNS7UMrKaVGcPezehMDT2m	642
36ciAbTdWksKo2JygiM3sdBo43Sb68ov3e	642
1Kj6h516ukZQGPRxXeVRJLhwGF5WbkucnY	642
16WHhALyPuzGYhFUC4Amc45RmU1VsMZSxn	642
1AMznWXWrHbxJvQYGuY2fz4qhp5hsf7gVe	642
18pxmwZRhSmVGDkt8zmHkj2DoHyFeYxEo7	642
1MguQRXVVq1mWXoums7xcsBr21k6mfVeF	642
bc1qvmjt9hhuxjfkr2f9xssgdvtpgkhgycsuc0ud28	642
13pEM4GZqKJfpjwoY3qzU4HdAp6qdgXWus	642
1NVX7ZYt1H3NNsPmfeoBMYV6w9soEHVpfd	642
1E3waDdKmrBGZkvV2Z7wm1PqdxtH1D5XwV	642
1MrpPjFBptg5TFP6c9tzArbsyVQWRDeK7X	642
1DPW26uuKLW8xgnCdAejLsLBXN53h1n6S3	642
1DSuaVwKHhiEDgd7mVpRNDn9A9j3TBPmeJ	642
14chyNCks1y2Ksf3b2yBbbCHqECUtbpN8d	642
12bZyKQ7qhBX8RjFGQmQLdKuTwcLViKG2J	642
1M3E2XSREwXtJr6ob4WrnrSA3aAo6yvai8	642
14FBrYyQUfa1kfhLdJK5EVyFcQPM1wvKZJ	642
1PzNTaMVXiX6Ed4Du22aqe5LX1LCfwa3ZS	642
bc1qy0wh08epesckjsjk4qvserdnn35elsrc9w7vqk	642
1HdgXKmmvTtwWCcmvMTf8YHagT1JeHh6PB	642
1778R7EpefHXeUnARwf8a1xuapVFg1QoXK	642
bc1qmq6yghau72udyvr4j3yctwgpgeju5qlm3yetq0	642
1MB72BjowBXpfaxfWt4Mt7kQrDw3w75qNg	642
bc1qs60qdt8vn9a85arkdthllqypkjuwyq2d2dhhke	642
16KDopGLkjGZGmRzrXcs9iP5BEM3PMbMpr	642
bc1ql7g788ryzwrguh88fjjr8gcwnruf52n7fct27r	642
1J3Tgtbz4VBqW4TbW7BsAHtodMKCAVW43C	642
1BvrDH6HEKrRqghgnd5VFDoxQwxykTA1Qr	642
1M9KiAeCMpZK4E7zpTsSZ3yu94wXmqTxCf	642
1LwCG7NNxUAMNePA1t9wPYhLwRXvpTDHZ2	642
bc1qtzzhserr6vuq422knrdssl7m5wcamaccyr43xy	642
16tUZjqGYDqoFN86FPReFqsRQasSQyvG2M	642
bc1q402umc2uk7jkwhwwlyz4gfrqla08meujv83gza	642
1MeFCYWex4yoPxwfzRxhRTPNTnBzzpJqd4	642
1FMqb9Lfo75JrPKBdyY5bN9Q4eQrn8bS8r	642
1NS7PkhFz9bKdhfH2z3xHkwRBd71FaJgv	642
17LhcUHjNwjrCc4vaZrHPLVHmC9MYFtJdt	642
1JsUADyuBmXB2hZJBQGnKVrdFYEMK22yP3	642
bc1qzkqsyfrfu529ll69u24ylyf0wmv7zgprucuvs4	642
bc1qfl3pljun6r4ap0kj7ug04p8mhtefejdqjzuhjs	642
bc1qhl8xkch5hjxawwlw3vq5kmjsr8jrx2znjvduqm	642
399q2GvQGwEQJQoYugnMHarXpa6hwUjaWu	642
bc1q8lky88sy4k576wnq42c3snutcyqfgs69td99p7	642
1ErYJv9ZxJ7ym71efivcA1s5WcewQxyfvP	642
1Gtmj16adfxGMHPiqFKTfJwq7u1wUXYe8T	642
3JHdiNkoA1e4yHwMA3pDg9M1Ejc1jwng59	642
1PbZFPax6KvZ6n3TgVmcihpbZHsk448kfX	642
1AScL6tsSk4k5xJqa4PM2qvFiPfigzDjfW	642
1L6YPsTtpyhjLfZ2h4ttoxyTCyKXWNFTE2	642
1SUjaqAWjjUNrbtroXKiXSABy8zktJTn8	642
1LP92tTeN8212kKvmwdZSBGFgQJ9aCRKPC	642
bc1qn6a7qmy5hrandfq3hvm9w4g6z84dghp3rsg80x	642
1GjfDZ6w3x6kd6TfGgrE2gdfaskCM2xb3g	642
bc1qz57ejxsx2vrpurwpgq270nsdptjhp0svjgzdqx	642
1Hr3tk3og14wSpPqWwVK5YD7AbMeLpePqn	642
bc1qn6upx7prme8v42my0gdnn8mupp3wy594y368cu	642
17mGLH4BB9hnJH9SBdcLeAgbdrRPbXtpQj	642
17Fsevxc2BNnnhoNZDMY9QXaztaX2FFySx	642
bc1q9f7tgk9wpum9q3f58awz8wlg3sn7kqktt4sf3u	642
1FgVio3hPF8ZSRXCx961nryU2kaoVDEQso	642
13iXaiWdXdJbP7za42E96r55mfudNgUyca	642
1J42Uq6EDfGSibshg1sJEYgWuZaQWJZULn	642
bc1q0qrn0hyyn95mljcmqs6c6q25e6xrf8u5dw3eh2	642
1HcAFkuX9gDz7ivARwusWHCfigziKYyU7p	642
1NgemgUnHvwFpt7HZjagZCndr7noC6SDfu	642
bc1qmasddcw6gx344m7e9dy8dfqh4upc77sry837cs	642
1GmSEPzT6j48cLcJiKANdSeBQbCEyGjf7j	642
1DDDMA7ywgcV5JMy8pbjg2QRsjjjkrMMM9	642
1Q4Kv9ia7ykfMtsdQzDyZpHhzp8Gk9iUw	642
1FbQuf67oZ5KsuYP2NDVDZZrAExLUw3TB9	642
1K9hT5pBgZ2aUkDqJq2ifTsrHGafdZtwqW	642
3AzqUhBS94NEccZMETSoBdv7aXcKimBM83	642
bc1qf68pptmxmfa66s8wemwah2n3vy2exkxm9pzkjw	642
19ez1goCxd1ZfdtWWWLbAgJwnhojvktNex	642
15LapuqKnrBNKX5u5CADGrPPFrXt2iMoix	642
1BfjP7gs4ZzULHYeWd7w2YmndeyxW16Net	642
15ThHSK2CQL2JivUs8fdksojhF43XD7cwn	642
1rotaZDtgaK4vHnTktsPFbc9uWVsVC1nU	642
16MZXkBmPoaqzNoQH1AHuPRdV7EtB589KQ	642
151hW6TK35hae5ZUMxatsvkuwWqoj1NHLL	642
1EPQBruSkdqd3iy3VKqpALGucYWuhsTzx9	642
1BKd197HAQwXy21vY2D1pZd1nvxLAhw88R	642
1PhrForSv5xnHVfnJ2qGMzcUk72mK4u48r	642
bc1qrsye87xxf9h9gnywvvse8hs0espgzrvdqz88mc	642
12X35NgdsPUcDd5Qke6Jtuhu7AbY7dyd9t	642
3Pgs2astuHUJQRsqGtuKwUEzcFzakQXCWS	642
1B2AnbW95t4b8g15ji6ezmx7VwhZUKc685	642
1MrnRbWj4Cg2WzvNjZnWmxgP52fikQjeD2	642
bc1qhj5jtceyjl73rzlffmek52953n2kfe2ymmvwfr	642
1KwvNuXKpg4LbpeETm2Ro4RGryXzqz2FQD	642
1DrVLHffNeAqAp3Z4o9jFjZoBM8srTwzDo	642
1HpAvcKWz8UuvDHV7gj7wJCi8LQQN3HPvb	642
184ptHTk71eif5WJ5nrDoXyF4o2NAvytfM	642
19sqYnyQkrzfSeZrayUvVFF7fDaYwHS8SG	642
1LfnWHPQn4P9WNX9bPpy8TWSzFVnCr3Uze	642
1HjK5f3ivHUvRH1cp59gCd3YuuDWdmb5LP	642
bc1qdse3s42vte5sev3zcz0450m2awgy679njqrkp4	642
15DmNrAJzh47K48vKx2hJVy7fcLHytw732	642
1BzDxqboyimUc6vMqSt6LD8VoD4VFjB1n9	642
38GSsiubi9ooixfbBh9mzrsXk3WPLbFCrF	642
14reCEqdhSukd5BPB76ypc8FygzxJ8RRy6	642
1BBoPCSUpaRmw2um7Hc6VqTg4o8RpGj2oS	642
1FWpPnnGixR5b8kYkxGZbgLfpoUrNcJnJi	642
17zbRFfFk9PP1FYgotiW7aXrzZXpA9xhBf	642
bc1qnfu9kc0pg3rqk285plldtl98mkk8zegj0jpucx	642
1DJseEzyzvFHv9QPjAQQnCzYBK6beY3g67	642
bc1qx3k0s8t5zp329g4cqc0gucs7caeycaerp3aky6	642
1PNUpkU7STp6wxNQJA7S3vEzx3VBF3deaL	642
19ZDZXUAnZWAMbnT8Epa5D8nmv7q8zuYwg	642
bc1qw76ktjf20y2vw7r2nmd35wmjlw0lnclfe68uke	642
bc1q5c6v6dqp7armuh8egsjrq6ylal9n4vctgfs2em	642
1ESZqVYGZuBvkQJhrawuwi9pLe35Jc2K45	642
13kvgmsLC7JAQ9x4Ees9xacSnFCa4cdDmU	642
1FaUbo16PsJuhDQ8zTQZkgXdpdLPN7xtng	642
34uM5JcSkJsbmzuunYfy7d4AqsG5eMvigN	642
13sUKUAVDXfEcR6V3QDfyPkGsgdr3fGvy6	642
1EB1qLLjm4PZro68G8LgMqJkQKiULuem5f	642
1MM2uEWPeeDt2mPXFfhZ9s2oUur9Xg2iNU	642
17GjkneDcf59jG75TgKZ6MdbRDyKQYhiDK	642
17KMCEgH35uNB7RpbaoCuQc4CW2Jmzrmj5	642
bc1qg2k2jl3epkhz3kwm3srr83tn0rd9vcnsqq0k6a	642
1PPAjCotB5fZnPj4Zfy8uGmj2LYSoCdizQ	642
18KUJpntXob18k9KZXzkS2i7CjeByN8Qkc	642
357jxf8fDZttMCpX9zLaU3FcdN57X9hHue	642
bc1qrtv50k25wwqxuceazt4lltjtfx53s6yjqcrggj	642
bc1qw7vc2tau7lnhg07damg3u2w4qzd6hfqy4u7ql2	642
1KudyviPL11Xj4A7e6oXBic4iucPpXNrh7	642
162js9RWbrVu2TCTQCxFgcpXxQgP1vAkD4	642
bc1qnasnh7l7syrh57z4v67ljlhzjfqld2cmht9dyy	642
12rmxzurWrbcXyyn8LFQyhGZnp1kBDsyzk	642
1HqiabTemhuRubPSTBXgX96jv4WLdd8Qq3	642
1G4qq4tqmFZfNqKqJ4mLNbR7zNRu9u6kjC	642
1FP4JWnGezrtmuBXJL4GDZwyouVLj36ddS	642
1G8XdYmsrEMPggSTYtyke4hpGFnGo76xQ	642
bc1q3x8ys2rqahyvwc4zj63x0lupq0f8la37ss7ztt	642
1Q5WPwxVjSKv3xM8q8Tq3dWCNfmcUtZWVr	642
bc1q4m54q0fw59vv8nmp3nmnzyg8dpwwdr8w2gru7t	642
1BiJar3sgTSioQJtyCJdM6mbgc939L1WLg	642
bc1q9v4vlv4mcaagp3nqgzehr3dx83jlkhcrejvdhl	642
1E7Rmh9j8XxP4bfYVsP9n7QoMwJUpFheTR	642
1FDWiMZYBnJc9d1ijoFdsmkAAgDYUAY1nP	642
bc1q3eaqtepdazg0wh5845nmwncqp56x8yg0ykvvjh	642
15ELBcaU3frM8c4qroXpqn2C5TvRoNRBRs	642
bc1qlfts7cyxv40ej7wfannlfay9pl65tuhlha09xl	642
17RLHm4fHYm1EK8YGCNwPPUcwn6ZhCPCfu	642
1d2PTCczMsUUyDq1ocv9amK5nE3afb8Fh	642
1EDnsvoJi2CquM5QNpjxS4WA1NkNnpUrmh	642
bc1qaevtsgy30057qxzjqj9ut5p2tuh5rnls45fnn3	642
bc1q3uv37e795rzflrmprp98mug98jrzf68p6gp4fm	642
1PSgn6oiwcD8NELh4BHA9trDkiQTSUnrGa	642
3QZbk6ER9TvgF3DEiAqSgqRo4dLYJ3jrrh	642
3B62Wqx9Er2rSH26JqW4tgMtan9PJy7AhH	642
18U92v4SazXLF3kYRMWNSz55h8XkZ9dTP1	642
bc1q8nrh8j5qqydmw9m6r0253axd6kkql5fuy7cwge	642
1P2hLmZSbQa1Dk3syuKmbKosCek59dCHhA	642
12iqC9Jy8WVSxynqW3kLnMGb8TpCbkBVgH	642
bc1qudflkafn3z09ta7x0w4xnw4mas3x5eke3983js	642
31hARFn8nS93uqHFjPA2emgm4iipr41FJ7	642
12AKHTKhLEeH1i56FKzfo9Wvtis7uLhzyu	642
bc1qqar7kcsjvwe7dkj7gyvy9hqw69yjk8qe9g2ag0	642
1NCEtdDCEWfbsxzxgmUmg1rBCAgAbnFZc	642
14mv623ZMD3MMe5BWAdTNcp1mTddHfxMFc	642
bc1qxprk8tq22gney5v6ntlyrntxmethkg7hty5l7u	642
bc1qkcq97xn7ptlm7rllg20mn9shq8zrmrngrcs93z	642
1HBE8jX95eKbwtYWKYj8iqMXU2cnb5o5Y4	642
bc1qqax2f00ppmkrtwjm5cgrhqfzvd6yz3rutwjw3p	642
1FZHWzCm3oH1xUjoWMZ51TmrmD73GCozUK	642
bc1quldfu3vp8hy2ynsjgp258axmv2lfykuaxuh6gl	642
173HgEJwn2iEQxL3c1uNgMUksQ9jwX4rBU	642
191koLat1cHFQTYKVcpMeSyLd4DrzJm9kv	642
19uNNZ4QZshnNiPCAUFuz3KuWbkRryVvts	642
1GidJzJpVUh8hAG6QzwaYsFn1aQ64WRVrv	642
1BzjJVsi45kNJrzzKy3aNs1jVGsoKA6cm1	642
bc1qqa2j9htwpf7qn6uatyxemdkyvewuh74cl2acuk	642
bc1qrp9dd58s8jtpwtz2s7gqrxrxhyy29wp3t09j2v	642
17n1xNV6EN4FoZj3XWVnaa9zx1NgAXcK5p	642
bc1qwfmgeddfkfk5v6ceuwm4unusvy0gp89lzpdyh4	642
bc1qpltpen9lwarz0q8ffl3juldd2h0fjqugmwdw8w	642
13TQhiHQtSvnWXP1TshEbemWbZr16NhaZJ	642
bc1qvkztdvwtkevun7n649mzs3mll0vlyrmhxrahgw	642
12odgGWZbPEixdUniD8nTosMeUkb3uamNP	642
13HAdQXzrYJ9bCacNHz2xNb2wXK9EdU64a	642
1GXsBiy2YNKkj9ojzgHNGRcfgFPJfZ7nEN	642
3PvVKzWLNraLqwwDBmgs88tUui2DbgTXjS	642
bc1qefs79zyqhxp4qnzn2ff3r6r7pslungf2wdkcvx	642
1Gtykxtcyw16b4YzeQrrv47FdeA4xGFnht	642
bc1qrdc9vtytvj6ryn6dtgv2aurj26gvmt7240438t	642
bc1q30ttcrpm07h2lqlg7mjty33zpzulkvd908jcqy	642
1AHzJwToj62qAgKUrBC7CDM3Hw3Mzd1oao	642
1H9qhd1V8vu2WUQEtCfGD2YxkYKft78dGt	642
1EwqeRkij7yoZe3F2pMMV3HU3CgKZGCtLx	642
1LksvgHaWw8jGtbjo6iiFv3ujxcHmndz7F	642
bc1qzzzcynsucaf65x58tfph4x3l0aa0n5ydch6q8c	642
1MqAFMAajH6FrRQQj3UGjcKBKHDSyRWrk8	642
1GXqomqA2joU8k7SX8v9trHX1F14Wf3osi	642
1PCycSp1ZTA4UFvLZYofeeP4YSacTuvkfh	642
13YyhfpCWfwSovKXFn8FTP8wTuJsmc52nd	642
12aG7PsFNLRa3EzjVZ8QR2xAU5f1uHpPac	642
bc1qx6c4hnkhm5st2rjlws0kz8akfjparshtafwy7h	642
15Wf87Hroa4JeBAyCFoauUtnLeqL9CA7VM	642
326CLQG4dGq7EjE1Ef5bgVGGNDL5Nji8Fp	642
1CbaJTNJzUG5kqyZxuxY3gzK6xhuVDvN3g	642
15DxZQtFx8v59uYumxcCyr2JD5jNJMBvBG	642
1PpyNWDcT3xXdVnTVw1GFDTrjV1ZRQ93gj	642
bc1qz0f7tfkjf0zkn6wlejdzeawlyl667ud65p2kc5	642
bc1qlmvepzanur0ejxnetfp2gjglkj65lf03u5kh7g	642
1N3kYzNvqAvptjYiwAM8tPwTvkmfq8iQdc	642
133LWREd8dP2eQFguWCYpEZijTTrdJYTP6	642
15EdaeFFMtt6jriYhaKqaLJSSUqAaC8CFP	642
1Ej1Z4ZEPkKRaqS4sfwwYVEC2mwJwVJmtp	642
1J8KzBqd2K7VWPv8SWtSN8mPAMygbJY2H9	642
13eyjibw1sjvukYWcPXszTPzsDVncoirag	642
1HbL5AozCkKST4qTBjcY2bvNDkCzXDJCYY	642
13cZznhdnFhRhHPYdtJ3ani8oshTWvyC9x	642
bc1qpm4dfan8qjscj3uv52ux7uczlrg2m073s9pe09	642
1GqfQocqvJ7meh2RZa52ChBqNup5xekhy2	642
14wP1c41sARudVmzHhyp6qks9cEMfZVHaZ	642
3PjKQ4DYnazTfxQUxpm5YkTTZ7cfPo5L7w	642
bc1qwfw4xtf2263003ke02wr5wcy3netwf3m2l56u9	642
1AedEjNZAodH7a4YiKjjjuw2YE1ErHWVer	642
1PtZbTgyG91KLuYTbRsRwuHwTxhqXGdzij	642
1D4uYCjYnYfKoRJ4DTbWaqfuxx3cnTz1hV	642
16uAo3vkFPRi5R8P6k4yNq1f42GSRVEmm5	642
32cuyVo2TSu6k5AKPkwMVnaaoj6AzhckZ7	642
1LvSsn7QjcBkZsit4Etp88hEqAG732srNi	642
bc1qrvhfg33p6na89aq304jwy0p0x3nt32fr8uxn9k	642
1CfSLF2dxy6YFmv7DR6X2ynT4HgAGEnAyZ	642
bc1q9v4nslpeecvln9df6cmzu8dqvgzjlhfs8xxu0j	642
bc1qc4wum486khtdm20dazx0mju7ljgh7m3zhsyzht	642
35gTrAiFDc4xo6QdoVYmnneGV42YH2Zq3S	642
12RkfsMt3sbvfmgJ8Veu6QAQ77QmSJGfjT	642
162UkmfNEVMk21Rx2cwWjLU8PS2t5ydBkG	642
17Yc1ziJ5NPxKEXQ3UqtqEnnMXkZsqiV8h	642
1QJ7oidrb8mnKYQfzue3wXvDkRV4GPgXy5	642
bc1qfazsmu89exwrdgk7aayj8n6dmv5a6qksxz5n5p	642
1NnYdbbJZtZwzF885dMqDVdAmu5XcoXNVx	642
1PmpjowHvzovNw4vEHcTq8DFDhZKTS7i9T	642
1P9q1EHxdQ2yJQbb9VBeW3KCd6T9EFY1n	642
bc1qqwug5zncxawwtnuw9vgq5s07uzucsmkkn6kgj7	642
bc1q3c39gffc40tnzytxet0cstf8z4ay2ck8fe0g0j	642
bc1qscuuwn77wsf9nf0jsht2pf2c39ae4j76662qcv	642
3AmW25ckMu7SfCmQ3hpMYBVSdeoWjeAJvt	642
1CEdcgr6rYwtfLmaSHs4uTR4P9JZKWAc54	642
16ymvHx6fbpkv4uvRptTr8sn2srPRN2ZA6	642
bc1qc3uq6sz9yfn6udr3ptyxm42vres9x072lurkc8	642
1MZtZeb7BG6bsn8bLYRyCoBn8uCpVwc9oR	642
bc1q9aers3ge83kksnlfad05al02ywhdtfyt9v0k92	642
1NcYaZFije5tfzezhyeri2NYC3vyZENfCa	642
1Ju5PemF9pnwhH9xMu7pvc3znAipTi1HWZ	642
18FVq8oqSysGsiibvT2fdf25BX9Ki7pn8W	642
1LPxduduDMBW8R1jeyWydzLgtXfPqjgomP	642
1Em9gSKYGMntekVJXsxhNzLxccRevzwdsW	642
1QARBt7fwZ827msBHhkUY9k6eVhpvqSZji	642
1MgANqp6xXnVVwzvzBTzbKx7Mrb4EDsobY	642
bc1qagc7u8rtg03umqy2w0z26rvuawj2v3uqkxvr7t	642
36LMNJioQ6CbgGHvHJxdhRvrdRbR1Bg7X6	642
bc1qcgfzj5a7qcnd7fh7j9tqcwz7sly4hcvej2r0zj	642
171C3VwnYiyQHw7zP2dbMjU4vQELMEKQFu	642
1Ciiy5fjdgXw9LEx4bVp2h1Hj7cWFgibkJ	642
bc1q585dpu9e5l7mkyjr9nhr5wjtmjq6n6mkhn8v3p	642
bc1q4ngqxhy4vy6axhdnj56ryem73zyqlxk08u20hz	642
13LT1Ka2d2PmajuEhHJ6Eu9sCWfQi6L8zP	642
1EJ5EDJ1GPFtjN3rs5aUvmJSLLaT7kfm4u	642
3DEstXrgvEkuLwjNc5nrbkaot3pSDoKBpd	642
1H6jMmq8ncFV26no35Wr3CCuHkjdBfVMvv	642
15uxq2iNqdoJzZ3aXznpLXTZtRTdwUV1F8	642
bc1qmtz43ygyauztgknutf730zwawvs7cfah74yhxd	642
bc1q888ul6lu87me6t0yqengl5lrm4k9gzgrml49c4	642
bc1q5wd2xqatr0hstjlmghl0e20y3z3lfdmwq898g5	642
34kKUzK3T6wRzu4mPog3b1i9ieQ58NLxP8	642
bc1qnwvxe2yeg6qhcdcpvgu5a6tx3w2zs3k6js36ud	642
1DuJRo2nrJSG9iB6DUrPJ4cDMz7MRSemGT	642
174LwqBCoyVtoQ2sLx83i2kjM3ChCQyXPb	642
17mXy4eBRgKu8oLEKpwm3ScR3agcgJyQBK	642
bc1q6gdmz3zuwlmgu3kg2y7k5l54smzfgmyuy0a4jq	642
bc1qdayauh58ceh9j7xr0hkxw9eg424us0syzs68yf	642
1HcoVU7wZF2P1kgFWrhNS9nr2aJQyks4wF	642
17Cg6XnCWMVUpGwuTwgpp19eBHcYWu2din	642
3Q8Q4BTu72RAegSiee7vbCybS9U2LJcfF4	642
1FH1KmJc36jkpUF93wEc6rtZWiezTW1nbV	642
3FUZ47g9RyvQKV7GFaQAXF63cRJ5zB9H8G	642
bc1qq7lc2adph6343gvq7l93py4stx3dsm2fx249a5	642
bc1qxvkfkuhz498st6hnyu5km4rnjtay4na0xkycwj	642
18FtdL4aruap3xE3CX7VKBFxVPfnLT5sqL	642
bc1qr32pv3svfthmjqq3hx3u07dvdkv9dr97e09k9c	642
1GvtKzRSpJbCBie9P1h7WJrjtMMtoQhwQ6	642
bc1qveyphekheghm5kfc0y8zaq0amh4llgpxnml9nk	642
bc1q6cmxcmmcg54f30jhcdn648qu3n3ddg2x8em3ww	642
1GVjvuWR3fV45dZZbuExBcGp3W8RdSBXUB	642
1GfV9GNieaTvpsoccXdeMnXNgFGjv7FBwu	642
14fd3TuKkBhC69pZQar65sxmqWLoFyLc33	642
bc1qyafxe6r0eqrp9y5pmfxvu4qhd3q250haarhkv4	642
1ACAYjhj6dr4UGAaacW11hARAKUn1tHn8E	642
1AspWXzwDuujM8ngrLFYtwvQQyARCXx44q	642
bc1q48vehd0e0sm4juw2wk2hezuymc8kzkqqe9pq3h	642
18A5pTA681YcqJd5NnSrG6EU3HwrVSkSJs	642
1GLed4RJGYZhEvpxB58WEEpEj8YGe66TUw	642
1GUaxvkFbAn9rQdFPVZEp8JSAcVCnGH5Cc	642
bc1q77tue3rulnfdzr9sks40puxsefmrmay9w5lz23	642
1BMjdAth4pQYVUT1P6Nnsk5ku2MVe35U1j	642
19PFKvUB9LTw4j9B2MPc2FU67FyvpXGLAG	642
1M1iby1sRkmFuGGWxD4dKpEpAEBPQZEaD9	642
15iKFyaW8iqt2uP7a9cmtKrNRGAMPKKFg3	642
bc1q6y9wlglva7474tatana078zwrd228ymxs54h49	642
1NJ7npo2r7apHretUcXHA1H7qAG5e9rfN7	642
1Jqb1Jz1JB3jsxjnA3mSsLxKjmNbaEeKYZ	642
1CgHU9cEKLMcoFLccHAiz5BAJz6Vnpp1zu	642
1MN41ghhF8Mabi6k7pWeymijq5VREC91YC	642
1H636uQ2TBpvdeR7P3fexwqswrhvvmii2Z	642
12M1Mpxe7mdk1DuMCucCbnveu42pP89RJp	642
1JhuVP9T45XxDNZKudocrExpZn9dKzCVet	642
1EjNDX1W1D1wm1RL75HK1RnKV5QzAgGAHV	642
1Dcu1tMHkCUxrDo9d9yYBsCGR5pwD29enH	642
bc1qrpamclgl9035nrfwrrv6htm5hg8vmwpx96lk60	642
338pTyvrBFQq488LDg7b4egGmybzozArcr	642
1AVYMAdzGSbastujU8AfgWCLt18wJHkmJd	642
143pX8B84jhGcFp25GEf7ZQfVMWi1V4b9D	642
1Ktb5WFnyVsiNWMpJkeM9gMsCWPM5xtUD4	642
13wHj5Dy2j6ULotfnSmRJsQ15sA4jhfXyn	642
15GpfbefGCjTUGvBDqADDHZkTDyJP5NFLt	642
13ooxyhNxXZqgAtRhHSieHLAX3wFgbEUFP	642
1GTDQXvsJCckmRBZUQkz75MueDzZK9FeHK	642
bc1qjex6pjmm2ees3leu4zy95lx3plh3rg3gftfg5n	642
bc1qpuwzg8nf893fma0veupr6emxwyvy4mzddtgsp6	642
1HdEovdUEJNajfEgkve6drrxaLie5Dwntr	642
13sb79SNHwqbABZqkwxRDFJDv3j3KpnALN	642
19TxzbPkeakLs8pxmCkUt2Vci341FnEHK2	642
bc1qyxtcfd8xa5cuqw83lxg6t6egdzk9renzxwc30c	642
12MngooStRaWcgaTpBNBU7deAdo1cjTD2n	642
1Pw6RJetSNSm5AYSWpqX4zuhDPud4sk14Z	642
1KjePQd6o9GaBxNeRhwUBH7SQckJuET8fe	642
17K1HvndyDuvL4ySEbgd52tYLDS5tKfzaj	642
1LFRcZJh24eEC8dxBfJwsWYmZgxtbWkGZw	642
1PbC7fnRvpFh44699VFi9Aw54TYoRWaumK	642
1CY3fuEMFaMRnczuKcmwcZZoyjMM9f6HPt	642
1Cvks4Mgy4pG5rGTTuHBgp8wofRhDo2VWy	642
17AkGK2QfhXwg6jckZxTAdMVp8XZn1Eh95	642
1AywGL5HH1caQUoqww8jmRMmbWp8XLsDjQ	642
1CCX2AjjvEqY8TuvYpjSxKN8mATJX9wMu1	642
1PzdB3aZ15Y7cBiU8cH4UXjJSwmSVKJ8MG	642
bc1q0cgk304hqjxg96d6yvkaamm292tw5kj28hwgd2	642
17YJDnn8XodHtDt7iKTEBApiU85JC9dhyz	642
bc1qeyt0c5t2wdvjuggtmsrr8syr6qjmrxnmzuf4nd	642
19yVzurSkcUzEJUk18Ae3Y2p8DUnostnYu	642
1Fqs13vTeTMW8226DenUe1veDFAm5RaPtW	642
1P3JKcPKLDupJMAVUiM7teqzedQDU8h64o	642
1CSJxheLsGvb51wYQR3sXeCbave3r76Gdu	642
19t3Q9ev1s4j4RDYJ9hp9kzXcgk1iUpoAg	642
14Actp7MgCiXr3cwBqU7yHuQRFJ1cdzc99	642
bc1qu4c6gjd4c0chex8n5870gvkptygpqrvjed60j5	642
19rZu8iEfV1mr6LhmnDMtnB1KD8a7KD6gR	642
12fxmWD3gZxJ5wZ3ek3J1WsZnoTtfPNRwm	642
bc1qn2p8zgxnmrlh2ckcy360apuy545sgq4y2stwek	642
bc1q9wxauf5q7qpuskxqqw7ltq0xkpn9m59x09d7y2	642
1GBSZwgAeCrC1dEKjWieG6QZG39Kcg4gij	642
1DPEm85nmVyzPWQL3k3U8enPcwekSipMFA	642
bc1qjgexryq4jv6h978tm3yu2de23s03gr76dvlese	642
bc1qa8j0psg6g5lkr9ua6lswc4wcmft3em34gwcz49	642
12fEZCUEJ7q6XM4MEWexQg4uP3nCDPgUQn	642
19vbS9fHUkxz58TDoBeMZrqMbaqgmzpeg3	642
bc1qkx25rwumutwuhrplyw0wzqpm4zqh3gvqkwh7dl	642
bc1qjm3ahte5fkzwthqzcfqh6gwz4shs7cl89jnfr5	642
1CQUkJxFo4WD8z6tV2gwJfSi77NEvMEKZF	642
1BzJhhTxuQi2FADTbxsgrByGb4a4GUxEUi	642
1DUnpPZXjyH5weRWht1i2Niincmnio61Tb	642
152ihnSEp3AWQFN9eWDM5zq3N2kwv7Gzcs	642
bc1qau4p6mf2fadr0q67fq5j8yzc9ghgyg560eecu2	642
1G5bW95MLHhuoEYKkBrVhhnV6nwRsFY3Ac	642
1CXGgNDg6iD5BEhEiuJAbWgojgnqmnfsGu	642
bc1ql64cge5wsl8k9hrpfse2snuuywd8u5h92lk20c	642
17oZfadXJ6sgcUgVBwBdzrs3NY7XLt4TU5	642
1Fq9KsTZGsLBMiuV6BCn3y28R9jFQvf4vj	642
bc1qnrxrqcr30r9dg5mp9tu03anulhrtfjxdcng3j2	642
bc1q754f83vyt9cw5wmg0qkh5adgz8f4dd5e40u06x	642
bc1q3l6kxaflh84kkf6gmrzf8rnl3msh67g8mwqnuu	642
3MhdD8oNrWgGgr1eitAPzYwJ1ZoyhkXZKU	642
35Y4LXtBGoqHgoRGDPWKAVoEiCxgx7EM7G	642
1FiZZyaWdqaTWPoK9TYuhvTT8TyanZeP2A	642
18GP3Q4ERCmBBivSmtrpLBDdn2T9JTbX7f	642
14ByhEZfusEEbCFFPobsaZwsyseCGsKoev	642
bc1q8wqdcjg4qp0j6e5sf8xqv82h0jnsnlzrzsd0dh	642
bc1qngc3zqy07jd64uwyas6ejgcxgngkhe3lg4m7ch	642
1EcccADrk8wyUMbK81M4goY12kzdqV1vTR	642
bc1qzh0qusz72h5g6tyj3xnt3tun2pkfwdujcyrz8x	642
1Jdj4wSwjaHLdSrPFGXd7BdGMiPaipxAhC	642
1MnGUiTG5jUCLbNaP11X59umK2QcpJNN3b	642
1jPQNwALc3PHibXBaJcdhVpQpkc3gEpDf	642
15VwuNHS2hWSiN9gTKBv9x5uT5BvKs3VST	642
1K8dC7QddDZxaaS4ShNKxL6YhwcbJf5suM	642
1Ciqe2rH4LCmUYeAoDcR7npMMfHTmE3CaF	642
1JT6HUUTxdsAypE74HuZdnm9LReAyccckX	642
1Nku1vvzZWFPqY138Tk2n9oQBeYxZ6desX	642
bc1qtt42ljq9p58h87xwzdx3xluunntdjkm89wy85k	642
195MemBbYvu5WH9VCHcX8PQ89pwyqzgbrj	642
bc1q39u9d6ly3902c7hwu5p0eh38rg9a5ehr37fa6z	642
1KDMtsLBHGDN4ReHHDiGu1EYnXkVpZH4bT	642
14KPQkervvpc9rwu6wpJY5tYpLw5WX6cdo	642
1FitTZsCbTptQSWWbYUeuTAyWCxS3S9iUQ	642
1PhUw4RfbAMxj7xHf1hob1dxTagh2o8dWN	642
bc1qgu7w27lz0qf3vuh5uqgevntk9yku0u9ua4kl0v	642
1KPM57r8F5nK3dDeFbkJivgjALZtTA24wu	642
19ncAUeZaXsqKL8NBgtYfsAmdBU5fZLuhU	642
1AS2mAVxxk6JdDeFPVrKJJXZBFc7ySXLw	642
12qdgE6m6S1cYGpX2sCfQQdXecv3WSSvUo	642
13GRWiHTt1PGKMddGcMgbL1m1aAC5C7AFA	642
1C7FYyErTQ6Zn4brzdtBFsVyFaG1Q8wkrt	642
1H9dKwnN2ZeMzcVWRv1kN6GTeRq5SpXUBL	642
bc1qztd9wv26uftfk8vpw8a5hlf3gpcdkxjl2ju82y	642
1JVtQ3ndALMqEhzXYySEowLBdmtcDnZzuK	642
19Chn5zVJqcwh2iw7PExhM6mNgMn2bxMGv	642
1HJaMrtBV69JK172w3Q5CQgfTtrAujPuBL	642
bc1q8gtedqe4t8largxng4kfkfnysfe3x954y4vzjt	642
bc1qpzf7gl24mxd7c5ntwf87j69h3x7z0plcdrc8av	642
1MofbUYLqXFkYiwgAmQKYUTntanyqQSMom	642
1LFunyyyi4dp9nrtHRejrquCCeMNsjgyWn	642
bc1qh99nd55q0gu7hnqq0vvqr7vx767967dvjm9ase	642
bc1q5xa5lwmfgz4wlg8lh3rr7fzj89hkftg5k4y9rk	642
1HL3pM7K5PvmBRs9AzFW4CS4W9Zp6yHJs4	642
1L3R9cmGjVcoVBsaxx4iQKrbYp9Ry65PqC	642
19NT1eeQFRFBbQWFkxyuGUoGY9HeNLoVMP	642
3CsgczvMrokXk6qwWCGXKXu3wDJJriBiGD	642
bc1qsur6lr5vq70l9rg5yzh9aswlglpzl0yemew7j3	642
1GpU6dtzCsDeSHXbzqjoKEnyZZwK8pr8xQ	642
bc1qdr7sjh4ngsfhya9rwkp6v3s0d4dr76pltqypk2	642
bc1qrl9pklql8sgfzm58gc38qussr8puch2uf8ycsy	642
1Ego7a6Fvnhub9XyaxCSXED9CdQTcyQpN3	642
1GoJF86Vam92dP9WpAGRbGBEwVr9GUFJx5	642
1GtEg3YLZti2o6eqMDVhYE2fM88cKteikx	642
1LiM2BS17jpvaS9bC4T2tZKeAvfBxtVBfw	642
38fem5RRSqGLcKz4ZkeFs3N8dT7eKAC64g	642
bc1q6q8ce8kagd565kngtk2tjynqx3hkmzx96shzet	642
15ANVcY1bQ2Cq965pswDg8RZhZHgSL6Uxp	642
17j1HwZXZ8ombHXSp2tq5wAqdyzNwkfbPg	642
1Ghm3eGj7hpj3K3DAaYrF84jjoPbvesS6C	642
1gSCoujViScYiW2Sb51phrHEXPKw7AKsg	642
126F9DiNQqFphrrCzxaBMsiyy4U2Pft3Ut	642
1PT2ZCEj5hLDCgETMjWC5eqg3vwXaqDRNV	642
154SU264N3rfzQtiYUteJAVdFRGUiQJfTm	642
1KYuZQ1XS4T4zJEtZKyEEQTrpRKnbf69G4	642
1FBvgReaj5SgXQsa7P4cC2FJBkHVL2zagY	642
bc1q68uy9r7jl9pcwjtwve4kcdu89zua4q5z5g36ph	642
1GCGB1hfaVLWT5MD9UdJHgWZiHfNcms99b	642
1D2WsrNjtRRWRgPrLfyQ6SkjcsGqm2ydUU	642
33bSApjduq8AsiAKr5hKT3BZqM2skykAKa	642
1MKhNeosb3X8hbAE2qTEP1u3NRsPZBpRdt	642
bc1q5rrmed098qcpwrq6g974pc0zwhtg6pdtaqjm24	642
1KNEPoFser1PvHo1draB8nxzyFzkz2uDPW	642
15a4FC4E5kEBjUKmrQdbxxmKJknGqBXuSr	642
bc1qclxksgtrkg6q7mmnx2vwmyg88uhl5a3yqvh36a	642
1CQobHvjV24iqaMhkJ94nD4G7TijFPUuzk	642
bc1qkvskw23wuxynthunh04xq7az23w8s6yezuevlh	642
1CHQc3sCgUhMkr4wt3Vk2x6ekB5CPr1ngd	642
bc1qvav30ayl8aj0f39g9h44gnz9qypnpfhnhv6cmz	642
1Q9gzN5KqMQc7rErxPdTmwGo5HsmKLZTQT	642
15dpqG5F2VrwNWjoFqpsqHjz9kCXtRiTpw	642
1NN4vLLhj5PW41hEDMZiJQJuRqHHwUkroq	642
14eMCyt99sLgv7Spch49swMLq72voYcb2W	642
bc1qtp4gq6wqaqlqqur005rp6ktk5k2m644h4vw48h	642
1CiQfpSWVA5NYhLPopGx3Pg9XaXsUWaFSA	642
19ep81eFPREwiovAxfD45USVGmSeJR7MdU	642
14hmYDMuTDNZhc2187Jn7VsSEQtDRHxXXP	642
1EKkcYbhVz8qxDeg8z9UPJqApvLSmkSMSs	642
3CMyKpsr2grXLb5oTZQip7J6S1j6qio9pN	642
13C7tQbpfn7TTp4eetdn6nuP1NYdr9ZQUM	642
bc1qg0jdv9hvymd9cp0fxfyppev8pcrxgujyhsrs67	642
181H4wtKC2s9dcmwx3SisQANVAiUPbqass	642
3H6Mk4LSc986m3gg8hAQYozhk8ZM81pxGQ	642
1BZSJeu8c6NoXtmdzqXA4hTzDZDpthv8qt	642
1LDokxarWAxUPoZFZUUTTDVJpFoHwkCK5M	642
bc1qrvr6n7qx4szqrfr76pzs369f2ym76cfwk4kquh	642
19NEdGsjbeXdBJUsiAcnVQaDASsRY73cEg	642
13gakyXvUci5EzGhzaRapXkJuTEaUa6sXH	642
1BZnWVUXfg54VNzsnBTCptiab667sJz4Uv	642
14jxSzVCFHEZjrpi3Qody9TAugPqfwFAxC	642
bc1qu3svustxpnex85seufsanma492dg9wzttfjy0x	642
14gKt1DPZgFV9Qi6ntCdQvjGc6PDXBMVaK	642
1MWUBG1o5qW5YABDYLtbfshN6DoBQrPR1T	642
12NCZ7J8bSNRk6qA25hhmkhL9Eh9p4whpy	642
1wtasQzZad81XyKk8HhM7R3BxGGUpSP5F	642
3PygvRuWqUEGvYiKUzzRsffgaGavactD8B	642
1CinojhpDWepVbbA51Pzjsz8Ru8jMnYzqe	642
1FKDNoRTNUsqetDe7i975M38dzYwqssRKY	642
1F8PW6W8SrDdjtQk6DxfuWw6rUBxstVsrY	642
1MVG54CkDDbFXddiradBGyracWG8NdcHUL	642
bc1qph5tkq98d7lk3lq548unhvd2p4vmzzr35wta86	642
1P1uxmYdX5izjvTReApz2DAg5XnBXvem6X	642
bc1qlu5z4j27tcfeg6hf3lua2qqzzx4aze82zqrg7s	642
1ExZXNYL8WytMM9gpjgqgpc3hMghPbybu9	642
1BVPKt7siF9aBX6Sp2YZwXZ2eh56xwCfpG	642
12pQBDNkoDTj6azigajYAvZENj8TmuMB8k	642
bc1qe3mdgw0c3qwr5wvm4plzgfd3d62kd7hsxwsskg	642
18FaAtsXQTBogE2aBLKuy7EEnWs8Pkw2TL	642
19eBJwnmCt77wqNXEkXFvKwdZLYsZSH78F	642
bc1qgm2p4qj9zu65pcd4ynx9rs3gmcy2f422nkfsyg	642
18ojZ67Jod7gbMTYVeZNSVmGs5wyExDS5X	642
1HrBe8RPSXCKW7S3d8riskQoN3xJBTUMse	642
1NaHbVbuQFRXiKWgoLsQ4484XZywCqj9c2	642
17MAdJcx9LR8kDNbRpdX5v4NULDNQCTAex	642
1HdvMfaZc3aG8GLCRwuffKekYm9Mf3RoEr	642
bc1q3ls7h3xrglcxvlxf92zhmu38js9sfy6q4qzysq	642
bc1qzcxhe3pyax9m9xdv5hhj5twkcxsdte37mm4nea	642
3GaJyyLTLJhyCEzG141KD7eB8FG6YPeUrY	642
17fqjh3wRBeXpPnZr8xcbxoToT2JCnuwTy	642
bc1qazcprqew9hjnx5n2va5qv6xeve9ht3vm5hsqes	642
17GjAgutY9TKPRKhPTD15ZFjURZ1TmhbCv	642
1LnuQ68qjFnpbpvU6CuDc3dQDCxqZDHLZP	642
1EE4vvDxSUN9KpLQHx3K4RREccGHqqXbaa	642
1DLrQBbEiGHbiCAKrLYp2eYVWLN6SLnSd6	642
16HoJqQ13T82eLZKJYNNN5brtYrXQwzH8H	642
12dY32ijtyJJi3BwoUcCNPqPHbSPSREqRZ	642
bc1qvpylucz4jvsteghzqdflfsrjfkmfqwzfp5rtqf	642
3DYD42sReszjhJ2yPi2u1C5F1iediPj3eG	642
1MzAALqAAvk5YKNMsn9X9NVTBUr5EmpcbU	642
1XkfBPSqymWqd1xC3HBdgQpTyvwGhtd2y	642
1KsYNubccACaSQ85PpacDQqVNNffKVSGga	642
19pUSULNvDaGhXnkMtms5JWsyciMajWQSa	642
369Kzsz6LW3Npba1Kk1L6RMkAAMSYi6mmw	642
1P3KzJWnrdMoDcu3eMJhNfzhfepYTsnuUB	642
bc1qz8hwjdq3n3kwx2rgqsemw87q4uztvf2y3jngua	642
14sNRcwY8wbN2qzRQPfyLNu1EkMQHDagxX	642
1NL9vqhM2btJsqEBFu27a7tYKsQUBjoaxY	642
bc1q9jpj4x9l5cwwyj58f93aaaellgf49tedhjfzed	642
1Js2v6mD3ZjDXfMnUVHs3XLqh5LjU13xBs	642
1MvGRvP7pXtittxokdY3minJftpTMvjUNv	642
1JcvRK8KVadozHW3Vop3hV9wpuRLoYxxnm	642
1PzXEgE5zzx6riNvfYzS3wYszj44xioD72	642
bc1qx2q4stv3yakqumqvctk880ja8vsak5nzyla2cm	642
13vM6hDPuLZrGRbMmvBPLL4Q5VE5tdRjFv	642
1L2KPr3YRGYkWqJkduHW8ARWm5QbdjvVN	642
1L6fbV3BhGV5GHo7rAhamu4LfWTABJoAnC	642
1MNAFxwfLrkUjsSLHQqwBpYmZti6NLgkE2	642
1Ae82hV3A2SQrAxqTCqrUW4XLsPDoFGjir	642
1HAF2TCL3gMs1oHAXwck7XmtSL5vHAtdZ1	642
1AmnZ2B7JToS2nJsk631dpnRQZbATT1v8H	642
bc1qu4h23j27k65t8vy7jl0nudux06z9swtjctcemk	642
1H7FsaDgHxK7j71AoGs4tbsGrbYxhG76eM	642
14AUsKD1PP9CzAAbLqnFGKFLSTGUidFcxC	642
1yw7hv41nwi35wVVECb7j2HZUzP3V2NW4	642
bc1ql8xk4pppvt8l2gdzdzewkyl2a0ez2thas2nr8q	642
1JMDnDsqutGUUXZrsjnDinq1qwJSZpk2wQ	642
14gufCGGfPAKQnSAW8SaJjs4edB822JuwY	642
1FdGNThrojpsxTQ2yTyhSbxhuP8vqc1B4R	642
bc1qadgg3dkck2fw8kscq0t7fm0zc8j9mdk9jcnjen	642
1EdBfMMhnBna3xPrTKkZCuUgW4cXz5Hk2X	642
bc1qaejdxm3048t9hfjc70kgp4vj7ap9k2m2n98pmt	642
1F2NPxCYkHRebEqSH3Dv5uNRhH9XxfgSGQ	642
bc1q7xjxl8pg9k3druwktyydawk7mv48rlwtrgrll8	642
1NLi6fqnTdzVrqKvDmiq6rHVEsu9yPQHNK	642
1EMHHZAZF5SctqKfqG46R52WUahvqJ7dFG	642
bc1q8gr4wrgnpdljrr3g9vlsu629l0helsvxn4dmtx	642
1CTnLnJQk4JRhqrvWB9NW6B8tTVx71p1pw	642
32hW7DU68nop8cU2hqCkxskHXk7gfLS2dV	642
1JvaswMThTAoddSmfrgWSfUM2LJR97eLAz	642
1297gdLCPeiBNtmMWKtM6mQY3sMw3m1PCX	642
bc1qk80mg5xqtvl6gmunntt6937z8a2sem7rv9urnj	642
3526Cf4wTJnWADHUSoghySEDVGqPWGqHa8	642
17kPTLTE5g8yq4uUrpZFqfujRM6imuxaVt	642
1AqB14jR9fgGREhxoR5mdvaBJjX7j3rtA7	642
3Dy5KXRDpNsNkPJMi32aeQs9xBiiBHwzeu	642
13mGMeZMyXQ6Y3QdnxsyHzANqaGgDXcnD9	642
1PSpeHejMLThTPwzKyfqFSWojTuwBT74MZ	642
16EAkm3AH3d6RSu7u6t5Bth1gwzEYo46d9	642
1BPoKRAeStr7abn9yGw5GjAwdAGhfEAnGb	642
bc1qt08yeaac7ged63t2le43g45ant0ewgknvlemcz	642
1APyKcKGd5y8cB3XuQrX9x9mhUJqU9CUYP	642
bc1qzy948j3g8ul35py3m9c9s5lskpzqln8xdgjnh0	642
bc1q859nxf00y4zm5373zr25ce5pnz65jvzz5vvh5e	642
1Nfsuf9aJX1QTqEhHurHCkEZbzNKyEpAr3	642
15tdAyKU1C5eQtgjuNsoZcFJPCLS1PY86h	642
12LDWLEChSjuy5FJBfsN5FYw2HvwWXVxui	642
bc1qnltgst8gzujcw95y8250eze6skh3stjqdqyrf7	642
3Bp5T9dswK7gpZmmv9keRU8jNxSzQgzSgd	642
1EJQYLNvb9aRUSoY2toVKq5T9XvDuZQH2g	642
bc1qqwntaxrhlth2dwmwws43ytv02avyanmxr6yy3l	642
1EoYUTw19MpR4AUSB2JZDmzwpZeWSStFc	642
1PwUhXfJZACYMfnBPspCfww1qGZQgd37VC	642
17SALn79e9KgkxCYTQi6DxdNrgVFtKAqdv	642
bc1q22vl8ux6gk7guuhltu3yvpt5ffpvk667w6hqea	642
181T3njQ6s5PXTLFP4BS1Fb5DHWJzuCBTD	642
bc1q2z8e4vk9ruy7mnhmt5xfhkwftk74reay8t8nk4	642
bc1qsfrfqdlh7vxegh0tdv6qwhwype4k4j6u4nlg2y	642
18kgdeca6B9ynRD1jupuBRLh4EwrFS7cJT	642
bc1qrv9n6cek9jr3aezxkgwvur30ne7wdtxv020m5r	642
11mKApVzzy1VLg2a18NDQbQHF5zP3a1C3	642
124SRNyA2qr5T5wRr6ycTW6BrDPtui3Aq3	642
bc1qmn6k7qf45t6qh9rfwf7gyephujtyhrztg3qynq	642
bc1qktel920fkxjx3s00ys9y6907w73nfn09nuc9my	642
1MtY7T3fjkjh9uU6qzwvgu4KZ6HH4Z3nfy	642
bc1qzca8dtrn8s94l3mvp2c6wua2t8rcp7kptn4w0n	642
34cWgpRyiyXkT1dFktxpBNdoxcPtfjEtKb	642
12QDhxbjoD3utnh1y6bYkpcd1YDNrY6ZXn	642
bc1qu65cjvrmmpl9u4uds2jvzpuvsmke2g78vfmzzd	642
179dQkv66FMEkL5R38io5vR1sbk4K5ZFgA	642
15L1MiwTQsp18KkjpgWNVHDWLxs3Vzmfks	642
1QDdqMrW9a9XCauL9eHaKawE76A8XWfvXn	642
1GNCD2gHoVz8NGaJf3uQC4gdTciRALNi4m	642
1B2XNUSthmkATXhzvkzvXpCtkatdb3JGAT	642
1MdAwhfj1hb9PPTimPPh1uMfR78j2fU56o	642
17d82MPhW9caXNCKaxAkiCmpnNQ9bvm3xV	642
bc1q3y7kv2gyx08e42tgfrwshhnj57x9lgkzc9c7vq	642
12uShqLFiHv41qU96DJ6GPH5RCA5EHA6Wc	642
1PiqkyRvBSSigNrfoTaJYokgFeDzrBDWSv	642
1i9dQx1oCfdiH1kWK1PpCxCAL26GarcCm	642
bc1qrencfg6v3y0xrc4n8wwyrxgthpctmq2wq2nrfx	642
bc1qgm8n45ezg3j8uxa2dyvzjmar0zneukvp6zxemz	642
1FdEPdA2i4Tcfi3X7yu4n8XNxezbAtmMQb	642
1Ka7VWAKpteb9KoqaVv7b2oRzJJQovZNEM	642
bc1qmhh57gctvzja88fflzn4qg0j7jflsfgatk3vxk	642
bc1qr2gewvp7hgmgkaa23c6q6yh86q37w70dsuxxdm	642
1JzE4ZhxgJrcykireLggeH6u7Wi56vmvYg	642
1EMCnF3mcwXd6T2Nx2znrpVVLAYjRneYpw	642
16J4CioNxU2pKr3AdqSro13f3mYRspTd37	642
32Kor3h5TE5wdMqRAoSxNbSq3zN7NK7EHP	642
1HU1ZybvuVMpAA9VzzfP2YTUVpc3DWLLtt	642
15Htb5K1XgJ9XaSkLPmiXeVTXWk4YWKxHP	642
1GTkwj32vAmnxqRfKhoXSvLx8vTdpje37y	642
3QLBKfdRBKvrGj6aGDR1MNe9Z3hv9p6ifu	642
1AzqhW1qNb57x1Ppqpe126zzuJYkS5oYGB	642
bc1q70mshyvn7lnu4zct9haezpspxzwrldz7q3dtvw	642
15EH5PiLcj5mfYgUPtwScxxJza6pv7e1vT	642
1CGoMLLsD4vwpZdCNRPGbkLenNMkZFgpGh	642
bc1qquagcjgxrfy387mtvkv2868kuh56fwvyjm7et9	642
bc1qypv6c6wru63nvhgv0j30d7lrcarr2ulnjvpak4	642
bc1qwrdzlk8zyp3savuel9mevp4cm77fatxc5jgfa5	642
1G298odkWmfGmFzvt2zKCVa8BJBBhwim4f	642
bc1q5m6d8ut7q33azs7vfsl4u654q5judg4pu8r046	642
13t3rCEPfHqbFwTWiNkobNe3XNranZGbxr	642
3KyAfzgxWDyrKZSqPzQ951LNJHNTH4xGzt	642
1LJC8xpVnnEUfemWXQwhrg4eTaFTMDqrxj	642
15zTHD59M3CD2P3wSAocmtJ8aP4E4xkaXo	642
12gVmKFDQHceKYFjnBsRS4h1Ttw9EmD3n6	642
1FmWSv7ias5xTKxotY8sjpLrCBatCZh328	642
1LuaPS4pL9H93nb5cQJAecEt7czSBma6xd	642
1L2XRvoNxxg3iDph8rsb9yzoivHR77H3C5	642
1PHYNEju6Y3Dps3bKwAf2QS7JPJGNTXE6R	642
1LKDnLFbjLyJ2XVgcDe8CTCi9N7Uqs1T8S	642
bc1qt9q73t7gpcufw0sgv05yd7r532n2wcwfgp6we9	642
15qG5PtoNmoS5utbpPQCfhMtymMoYZnq1k	642
bc1qeh6p8tauq32xz293g4unyjjatkfaulx24xffkm	642
3K7sMUZPcP3uJDJBTXPhXzTqmYMGyVdjRM	642
1Dbiv9a3JT5NKEZiCgtGVVUADohRo676cz	642
1DXvexQHjWztyrNa6R2Y9qeumfmo3EAcRm	642
bc1qqq6xcjzfl6aljcyvnk9kmw7equ8g8gwpnnn592	642
bc1qjpm5zgsehg0lx05xqah25yr48sazlkdgaxcg3t	642
3BS2NGdY1hHFhVzCHKKGnSTaWRwtrpbA4t	642
bc1q0nkljpaedkg8rcn35ln6ryyzscgfcqugdcqwq9	642
1EkNjFKLJUs1GoWsBtUeXqYiyPbnJJCx7s	642
16D3Bh28ZZKNbTukgFzLLzvkzNiWwLgK6p	642
1L4kdVHKKiGfF7ZLr7MZhj49HstUijThir	642
bc1q0z2dq9ys7xfnlzuvql420drxnxahcxtqte9xu0	642
1J8Q8r4jrm3hiRMJjCDJRxGpbHfkJ1wd3G	642
19HXqaN64Vk3heWHG2UPHLwYjYRpYKeXcN	642
34T2M924GoaM37GzsSubaBAfoH99XGW5YX	642
1MYS8JKbdGLYYrLJtrhMbDChyMienmRLks	642
bc1q3ncq77yesppv26xm00eunlf9jwma6w75kyx2ea	642
1GXPhfeb3QzrgAs6C3Q6FSMHviQKH8Nq55	642
35tTRiyBrB9Xwy4tdNeKR1Vou2rQxbyyfg	642
13grjTKkanUjz2MAjWk9KPJL36cnPA7r4b	642
1MXDgram4Xp4YGzFAQ4wtkAsPALtXkPjqN	642
1HchMUqFVsY6whP9LaWhJqggAA8wn4Vvsq	642
1EfTBW6ZEtJNvq1Ydo6yuxu8CKzhyDURH	642
1PBX1uuJzkTCV5nyw4yXUqrXerDkQq2CPW	642
18Y75T2pfDe2pDgyzQ4264my44eoEiRbKM	642
1FhKQZbgj1Vqi6mQp9Bu3fpFnQ6Cnt7bYY	642
19WnrfnWdryCbHjscnwycEBRsUFJfKUCzp	642
1DCYjxDWWUiV2zLi2irXcS4tNGQRarvUrD	642
1NLjbbnSUVYXBkZ6qGyghz2fvNniQEaR4K	642
bc1qfma0pwl48unz0zxlywytpy74na9ced9r5nlzur	642
bc1qv2x2nfq2udn6xlya4qmnr35ssnhtu8pkd93fku	642
1HWSKoET6GNmvTkzKgK11Eu44qsN8ZGBTB	642
1LvvSGuwv6RasZHFqk4SQaGiaUmvBPEJ3v	642
bc1qn9qadlyu8wzk5s9jjnx5dwyqq7n0quzu2qwhgw	642
12yey2QvvVvH622nWkxDMEL6uPaV9JfPyk	642
bc1qzak8s5rlnq875pgv9wn0pl0jsuk856laljwayw	642
12zKsXQ3XwzLYfMUopLrsmDYrkThKiW9Pu	642
1D6Svia9Khf9753FL3skqBKbavpw35S6Zc	642
1uQPcZCcin8hhcqf65bYnKnbWtvH7fBH9	642
1E2o6LLDbxRrkRq8fwEeMAWpMAYPzjk9aX	642
1LamByjZ9E7MiCCLzCzcXD5vNMsgReMpRE	642
33MSdX921RpaWTrqDXH8TSyLAB9UqLu6aC	642
1PcabRBwLf4ceuq79wE3tvvzZbXGSiJ3rz	642
3DXqASVSK3Nf1tHkkoXUoXtdASGtRQ7DgK	642
1N3yuqdBJrPVi7FCyHK3Cw71xtFoN7YUpm	642
1ByweNpLrc8W54a7Kpx6PLb2CdB7ZVCaP4	642
16s4EjvaHtTLpwGxdwYXnBNmKCx5uta26g	642
16YsVdtfBGg3PXysQLFedBcc1adoxBFTNJ	642
34VsSAWfTjBhKtJ4VKDnRqdQwXtJ7AiFDc	642
143fVLkQMjWUpvcW6SgXVG6phDLGULWHD1	642
1FjNuTTCjULGzPwK9WPF29THvqdccQt148	642
3AiiD8xaALLwCJZYoo7LEquDuGmVQaNyTW	642
1BzM6ES9jSAD8tT8RnjJJka814BzKsYUgS	642
12YvLuYeuByM19YHw71Fefm9QSAyQAUkaD	642
1HiNUGDFx1MMw73E9Q5hAYF6mD77LJyXhq	642
1FtYfGxMTsGZ4YxABfhCJJHKewvv2n89wM	642
15sZGhDMRrW8UCqWzZwcnuqFhSMtdneEkK	642
1Mj2YuRVTGKsp5DZFJFS2Fku2yVebKC84L	642
3NumAaNS1xuDLHcoBSA1iaZyuJPZKZq1ab	642
16bf2gVnXu2MXx2AdW6SzEV2auBXFr6Ygs	642
bc1q8dh7dp0uvqh5uhvcmd4yld76efsj9yvltfgkfy	642
1G7uxJNKvaH7vNRfh2J9F56xSG8vKSoY6v	642
1MsURwh2jLvFghaMF7hyY6gPJ8PVjAfuZT	642
192yrGoaSUMEHjpengtQfn1EXe7b1BVvMr	642
1Bqt5bR53XGafr5enH88Ru4NnwhRPSNk5q	642
1Lnc7pLyyxSmfKEccuPSpWg7Bv7o7xR9sC	642
3L7k7tVKokLyWFaizTmpJNM1jx5rCy2JyC	642
1HcNAHizLSwMe6PFkRZ5J9gGf9pj8D9EyF	642
17TxS2XGnpnUCTGQ38FMBVHCDV5YFyRP7s	642
bc1qrtgrs5phja9q5zek8vhqhnuue6eedzlslgfn0d	642
1HCHXEVd4un9MiUDqeAAm6rTRUT57TqJJX	642
3AaK4AQkkG1ERACHtiUWCPx8EkaZj5B6yR	642
1Ro94sU21H4t3ckwrjSsKbWSg7882pE4C	642
1H64RgCnLAxsJcXfDXPaMncRxaTvqKYNAM	642
12qPtD4wfuVqD2T7j6exKMAETyAcHe7gnY	642
bc1qxcmffm7xpcyzdtkrxjp4th7duhpjhgdgje8j4w	642
1B9T8c4cB5FBTwtqavhjYqY7uk6RHXK8m2	642
1ENDt9BubVA4QXTMsVeG738QGqnXJKyx39	642
bc1qtmjrazpflgt4thlupz7f5h6x65rwnyaeyyrqnj	642
bc1q0san7889rd3mf0222ctvgtmu3dycmsp7rfskdh	642
1JLYFC55LuWfdn4JroNzTRFQXpKFBnVins	642
3AxAoi9HJnFNSLR81s5uBThvQPMefGXiLd	642
1NC6A2DexRC9qZHc7ZFPhfyB88dVqgef7V	642
1PH9YWzS3VAB1rmjT8iFkS6CgbJjjHWjHC	642
bc1qzu8pu583evsgtxwwlsl7hv84r92a0vk9lw8v7y	642
bc1qpjcds7u0zpd43jsu9g33uvmgzx6n7c53njj56z	642
bc1qmzcslw9df0pqs2d6vdeu44ez9deww574ujms33	642
1BF49CD7m188nR73EbMq44P979fyY3aqMz	642
14pQi4iQyKGKYwoUfERota2DnDq3c23KQa	642
1CyuNWgZP7X4rKLAJfbmNMF3ZCQiJ1B13s	642
bc1qgj232dn7y7camkypc2cyeqfvl6gp2qgeaj90x5	642
1D9VL6bkf11T6fGwyHxXM6t4RMP1UWi6Tw	642
3HVHcH21PXVqQpmDTSqVR4Qn9bJ9sJsnuc	642
191MacY1NFcteqaFecGQ6z6wA5LHv3XNhe	642
bc1qrhv64xrz234pvr4f6cum67gdkyv6pal5awmm0a	642
1PtSGw8nt51QdkxPbxCSPYpEH5DPhqruht	642
1Q5QvWtCiftndwgkVwkMSRB2mSPJDLUTRS	642
1NW89ptzP35E46qy4VRxpzCXhRNugrG4jx	642
1N52omVmaJkNRbwPoL3ZBWDkLmbFsbLsZJ	642
1EcQFbZhh56vth7UVqd395X8JpU76Vxvo	642
1QEm7gzW9wjnf7mb4Pj8bJeBAZxviCif2P	642
17F3f2QNYQx6h4HgcHpWnJULAMwVc4xRPg	642
3EYrUJ4BzFtkMxza7VYwrJEFtcQsnKzBvP	642
1DcirgVD4hPTxBMj9rfnQoGJJcmmbfvgJg	642
bc1qyarepganmff7vm9mhmygc4mwdcvxpah5mzmn40	642
bc1qqxt6hj92yqgjnhv5aw9kxnh6rrfgkgdqysgvad	642
1MxU2miDndrdYpLikHS3kzUUXdr2VN8Lbn	642
bc1q78t95nrc9afjewncax0hu8rl5qdm6rswpaea08	642
bc1qsc440a07l2qmqyq37nkk9g72gszwrqcx6e7un6	642
1NSwpL81i8U2xEZSFXNiK5Vj1GYMr9ymNY	642
15Xpz3N1WVZF2dDZqx6B6q1Q5Pci1NnbZj	642
1FLpiw3SeuM8tSRD6NdfZGRRMCgCrGuCM7	642
1G8hhctDKmLYsN3d1eFcs7m7fAP5eucm8D	642
1KpHKhC5imKt682qdhgoY469zjhm4GMZ22	642
3Du6KfKrYA8aZxoWGokvx3W2cJ2f7fJNvR	642
1PfBwQCCWWcL8LaUHJDqKdirXJNgsggvb5	642
19KxfK7jv7cBzoHhi7MbX72G7ZMsH8QDtQ	642
1Fg6uRCv9cPLuRBDMrmeTBMgxwGDjmyCce	642
1NQR8rgEfz4h9Zu6NvVYhCy4P8CgNBDQHM	642
1MEezmwgiQ7DTqqVExBfPQqBtoWUMBavbd	642
bc1qzlw2tefln5yukzgeay6szu9pve3qmh2pkjp0ga	642
15JSC5tVxSEhS49PQqxsPwDns78ceeYbT2	642
138vqQpSGjGSaY7RWkNzoKrb8JH8Zms9fG	642
bc1q2j3a6ytvg4p9pa7scjusalc6vugtd6jljyes09	642
1Fqt4ZnKGYN5PZsseH59AyepXSPsPv8qkY	642
1H2VsUCTjL3c3NfFJHFNdmQA7iafCvAS5r	642
bc1qqjcxjutjmf7z2la9c6v7vn0544svgt93ue8sw4	642
16iU3XNGYA9g1FToksTvL8R2nbtnTT2QtU	642
bc1q2npuye9drdg8d720khlkhgdhn8merpeweaj4dx	642
1Ka6iSSFaeC2XGcBNSAv8KtA3foHMf9wKq	642
bc1qg353lg3app3j2aafl37nh6lwja4uhnejg37vns	642
bc1qtrysmqmrfw6axlt2lalc0ja8n0hwg9zm35fkur	642
352EwXzM8Cfqk5Hadnw2gD2pQz9kKL4Jof	642
16Ar9yLY2TG4McGaBhc8CVEynUP3Xxx5Ub	642
1BmMWwarWyygs4dyXRLVzXrU4gHTofZcZ9	642
bc1q28jd32msj2lzepe6hrj2y6f7fyrxyf0phfj409	642
1QLHZMki1Q1YYjkS3LAkh6q8txwkX8fXCv	642
1C2oYRKt2hJ2sjTKpRRpbSJXGGbiFTWgz1	642
bc1qlxlz57cgdszh2qvs54rjde59dq84pu6fykyz6n	642
bc1q8x290rg8phuvqku6v8jg589rht6at7umg6zmnh	642
3FRgRxmpxR3E5iH3VMFKinZCix1oKzw25L	642
1DHRhDsCTnsPQeiq7DJn6ag3597kQK1Dn	642
bc1q2pd7wtmut48x7w428kpyg2983fvq9t6ufzjl3n	642
192qJUFEnLMzj9J7ZjA7GPQ165X2Sedcg6	642
1JpduJAKLahdTgHKiQkFU3o8tawBtF9qHv	642
1NDGBUM3wpCZhiPLGDCbeFUNp2RJPmeDTy	642
1L3CvN7sJUJyaoACsZ84GZbVLfXeoW8bRu	642
bc1q889ya5jdzaf7hufqq79r2ak27c2zrfxgz24hqv	642
1NC1MdrU7Ru5RktYjEAF4YGxS9KiHGwjan	642
bc1qclrr72u7eyz9sxgzw9lgl784l8dne8gl647eys	642
bc1qrpnfxl76q6g3rn3lyq5q7j7un6n8s4h54jkrf7	642
13HyYkd9DiYTbpo7benDUBvPsufvdhnYmV	642
1v6us4zASv3geJxaH4EM7LGMavon6cwVU	642
1316wQSLA1gqJjHKsGxTdaibVX59dJ4QMh	642
1EQ65Yg4KDVYx3MKdADd16YqpwzUPkkBKE	642
1GS9RqXMeALUrFnRLvKtq7adKxsbPNhUSt	642
15oHACtDBz2dWrjfU3wXPVd8Q2VELEztFH	642
1CLi7NRGAQrNWNvCe2uk6CCuZ1FBpCV2hh	642
18kbYbPkRifAMpwpVB3C2cwaGMVxkBui9h	642
bc1q9ly295nryp9fx90rx0z0fxrkck0lh2t0a3pjjh	642
1MESAnPQfjn5qcGi78SgsQbYR3UgixQDWu	642
14kHBYsqCcYCtGqBJT9D8k9YqShk3sVEi1	642
bc1qzkm8fcsz4pnhkyl7d7kas9leyxzkx3jx0luhxx	642
1KxLWTJwBNyX8SgMNVo34faG9tvaaBcpCD	642
1CaS5dWRX55zsF1cq4BDSjKm21FLsnPeH	642
3LPdTDng1Cd1jJce7AWdFviHN7c26JqhCy	642
bc1q8tsvmxuet0kyjgvyfaaw79fd3txggvadmql83c	642
198XoCMRPV75ActeSiP6PaN4gRSN9HAqZ	642
1QLBmjnkZJH5DgfebdhSaEkXz16LmC6dM1	642
17GWLCKV9qWGZpfN9FLh6tMYPtJfXZhGfZ	642
1FEsD1QvyGHMe2jDjp3fKFT8qKYyhKdWCz	642
1AVLVNVihQSe7UY9WE5y4McvJJXiJTmYGg	642
bc1qxhamwqdwwrgcdcavvpmt2xvdrfr5d5m4xdjzgk	642
13BS94dobgtjTrz5Z1GJADQMYZc91GQUJH	642
113veSP3t662DBhEWqFjL1gGA6RJwjETvr	642
bc1qaauhycwgxrh47smgz5lsx2qdsga7e58zfh0me0	642
164L3FQWtYEecPs575YSa6EEmeC27zeF4y	642
bc1qkx69r27wl3dkwnctfpwsumm03580qhly3hlspl	642
1JmMsqAooEzY6fUmxMF4p4paSbWZHWR3p3	642
1Mh44GMyq8bjA8WdXthRhfGKrGZkz2vaHo	642
1CuehgWnKbuN8SitGPSHfhHU4fGSTRi2N2	642
1BfUJWcpfYSmPPT6f458LNeLLFrQ9TzDmz	642
1Fm4TP9LBrnm2VCbXRikhHnRaf3hJ6HCTD	642
14jPjvTzcvmsdWmFR2GNrGW1PonEXctn2T	642
1JfddC26gKQA3YCwfCEkgAMF4cAwH8PAMM	642
1CVcdXuQZULZQM2y1LH6Jxn7davPVA7f6i	642
196VFTjTYsEo8xbwFHEr3oscztutp2njpV	642
1KHQi4Uh8U3F4stp6cFFebJe7KWUwoEcMh	642
bc1qva09jw8s7mr700rf378370v53hknlku88rgfj9	642
1B5GRCW97q8z1hJrTuyHNekWYsGh8YTydQ	642
16tNZuSmaK6SNidJf5Sza9t9YzMGZVyTi6	642
bc1qgdm9pwujxa702rr7qxq2xpp02rjhlm7h7mqv9r	642
121xcEgpzCopFjQSBQFweFVYq99ctGjw5f	642
bc1qyz72k2fltagtv8rcaftcwptcrv9ayyjcq0w3ye	642
bc1qjvwejf6hdkfkls9kj27tc7qpe6plnygs7hzmdx	642
1NTjyUnGULcKwtkSguj1Va4ReTRRv7Evcn	642
bc1qkcxmn8tpfxx8yylqy89vrrlxps3h9tjtkk4vre	642
bc1qfh4lhpangdas27h8plnuezkdeh6e2dvkhumzdf	642
1FjiyeiDBAb3EgMTEWM9UM3gjQQGHxHcgb	642
bc1qveqmzpa752ld3sh4acwyurmrq44s3ct5hjyk9q	642
15qgyjrZBTtLx2sk2YDANeqtXSNg1wDSbh	642
1KMwCds4uvMnboDjDpN9i8WBVe7fNaVMsU	642
12QvJKZLoCDm8UwHYMufdBUS7XQAQAPDEt	642
bc1pukwrerwakuvxuggtfajcrhx5c78pzfy4nuy2wywffvlmawzexdhqazzkda	642
1EUsu3jjfA8Y2ygUCZhnWfDtDjHuhpic6q	642
1PpzAPFHZsYRoV6jcyu2vjgdVAWr18Rkta	642
bc1quypnjh8ncjn67lvxp4zwr6tf7amz09k5tl8v6t	642
19HWdqshWmmydhqkkVXJHCCVz9NhXQuqZh	642
1Pn97ZRmAPyrbDowL46KcJ7WcXZ9hWXUpA	642
3NzkX3G6sSFp583V37QTVuEZTkHBvrhPY5	642
17ahaVSzrGMUo8imCohFVZzrdxKHaeFn3J	642
1DuMWYYNMXySvGejtUUsp5AGDMnKfLN6Yz	642
1QE1X84hVbckucvyMRAvePoopg4so6iA4j	642
1PB8CW5UkL93oAz7E5Ba8o7xz993FvT8hu	642
1JVWPP694kNSaoqC4crfQVeYYtZ5rQ9fE5	642
1CyRzHApc5TkEhu881KRtgTK1QY2b9nS2J	642
1EFPu7y5QPPS8mz884Uksjxvf2NhRpQSTX	642
bc1q99hk3zgx5dnfdkmtgq0zjmn0w3pnjwsyhav93v	642
151FAcHx4Cuk86P1GUb3P54v4onQHRDWhc	642
15EWphxgM752i2SpV64tkWwmCnJ2t9uHz8	642
3BuSJGQ6r7qLY4nCt2xAu84uymN11nvMCU	642
1FrPumMEWjjeiKKQNh4WrRRbj1qpfqAFtN	642
131D8iJQndUswSMQVZFeVZSdFbFzzuvkQY	642
12H6XWdBQbfaYCnnoTi1d1XvpsQhxcs1ZG	642
bc1qvu77sup5qxapj4vay0mgw6nd256caqn9jhsf40	642
bc1qhzjjjyrnlze72lkv429wpgxfu6qdfn7ctrnvrr	642
18ifeDDrxQFVcpwujMSLMKjztHwwdXVMSR	642
1JmibF3W7TkfVb6afeBuD7R9dZ84YLdeYU	642
bc1qzr4pq5x92hz0wd8xzr26s6pqm7p733wu42gc96	642
1pMQqZou2KbcUxgy3EqErB4RVBZchRV63	642
bc1qq5t7n976d2rhtu4w6ydqc5wfngs0pf064y66s4	642
bc1q3pryenuknzyt8nyd8pyhkcx5428xfxn8v3ug5q	642
1A1WqMTAarJ7x5N7p8fSBnnEwBm6Bsk4vp	642
113uexFHQhgHK5hu4imonMdWyhrcGuWS6v	642
bc1qz4yp5lm6jznmhjk2enx9d6rfql0kyf45737p4k	642
3GvtYPAHDmGkJhhRc7f2MLPePrbNkZGwtd	642
1CBCUWg76kUtaDMe6dUQ1hj5tBrEhkV5Nv	642
13Xn8PGMXdDLSWuKrCfQah6dGHSYboQS8L	642
17DwQWrJZa9HSmSeCG4LjTFVcbys77qsFg	642
bc1qc7ylgkrjfsmtak66gh34e3hguvg0jeaj0m0uva	642
145qYqN3zb6gJuLdugNuC96nup2Gea7scA	642
12QvPSdp6czdhhgrKZ1esk9yGu3PTD9tWs	642
bc1qcfn5nycrew8ql24l959jf3kaee595qgtm64das	642
1A5hKA82kBUM9r9owuGr1yUJDMiwmXym4U	642
1PHnmSXD8WfFqc7SrNQG511ikbDzsMgHx2	642
1M8grvZUuRxKKPhupubk2aA43iGH2dTB1o	642
1FKGDm72Hq92d24SkNo8BEAsgvAtH8d4Mm	642
1CvUbXBxdj3yibkWPBjFGcwu3pX6PHyVSU	642
1F5d4EPiUxCRKTieNPNhrkzNiZqnrwmzUP	642
bc1q2heh8jcxs8kj0mx9nr755ysu066fj7cns05tt2	642
1JvEbnRQA8TUmgTaq7bP2EFB6b7hHiRFJu	642
1KvYjr2DNG5vHzTNKcNAC4Yqx6EPm69dk1	642
1EFMJ9YEXc9XM5KTu149owiTyqS775TUsK	642
384GTaUWqqkHYVm6RsXPpKhQJ8igrrdcLw	642
1987jYhAS2n9iA3v3vYUPkx6SVGXiDocwT	642
15bdaAZVs7ZAxsPf5RxK6Gh27WawAPNQRb	642
1LcRg9NDYjcFmx85uJs1xkFQbPeNPVnmb6	642
1J4gR63czFH6VvWGx77y5zYAahKyzym1aM	642
1CUNA5gcs3TqBo8L4GrvssGDdnuEpyq4ns	642
1Frq75MkLMYhgcQoS7dhMKJGKEYuTkw7KP	642
bc1qqsz2j496ak8faz4us4drqengd2pawh57mz02ej	642
bc1qslxyxdc29kccrgekaa9lwj4xtygthgnwpke96r	642
12LGDrYDqWacqkF9FBU256qwjBWYFA1JLh	642
bc1qk48832n9cj9mr4tdxus7jpwrcufq3claf3hy47	642
1LbnNL9iDuQLucTak5F4Hg1SkoXeex4BVH	642
bc1qs630twjk67mtw750ccw5v5fdvr2fc84y5nzhvx	642
1CbGGpzpouJZEA5rGxvNb3exXmikannpbh	642
16h6ruMJqzrSQ5j9yd4Jgbg1YQgU7XYS3P	642
17MbNBcS3LFsB5XKtGEaS7xEUVe9Ay3nr	642
114DT9Z3tbCns9ZAepMYVqYKfZUVgUC7Ro	642
1JPNvMt7gu1uLsZsQLYwXshjEVjWKRGFY2	642
1F8rHjds55WXVYXZSQw7ytL9Xtjj1CMEV4	642
19R1edCtQ5YCYXRBXFZcvdnNtG4U6Rmfxu	642
1CRcErEkz344kvoDYDfDgRsVX2Aqk4RYUp	642
1G8oa34M9gjQnALRsfcmUukGv1YECtYWEf	642
1PXjF9ruSoybaNUGQrigbuuyfrm8oPq17L	642
1LQRMUAajLjRghMEbkCropTffbQ8JgSYrd	642
18Yi4v33zTPJdpFrMoDKojvHFsTBNLjvMY	642
bc1qnl58chx6ellwrq4sng07jxcl9x6hsdzfzfpu26	642
1CXT8UdMV9H6vi4E2B2H7TY9ZkgozgvwSX	642
1NMABpfw1FgRbceDzd85ECZsdi5jrkqhsP	642
1NoiepiWGEN3LLxjBHsmhs62p29b94WKmx	642
bc1qvt4gnxsghcwmyuxkyxj9q3vcyfv9qhc4xqah59	642
bc1qttt7lzwkl4xz9ezfxxlwsnz74vtj9fdukh7e7n	642
1PBJetcDE2we5rGVoNr5c3cj1cdLnwed78	642
1ELn9ifpfkSZhEYuGr1BCaPwSJtPRSVog5	642
1M8W8PpKLwV9wVtuuvgEKXUDSxxD9S6YkM	642
1LHnz2QiBzCFy3WzXjePns9gSWnrE7f2ih	642
1LBE8cBNodymYJFdsRLocp5n7ZjaHyySDk	642
15VddVNDY9dVX1y5H9HbvNRFFb1UTuq9go	642
13hJ8pVmr5egnmcrdEQBv6FPW8QHReEF2B	642
1HeByU4taZGxwnrzxo7JhE7MLn9xATqFCS	642
bc1q9eccat7uq65kuhej3kr4rd38al49s7g4cufuj7	642
1CCbZUqfvDsFq2za3zstHzfCHbMuaPPGZ5	642
bc1q8jjm0cg6xrum32mc5zy9ljjeedwgrtcgqkwd0k	642
bc1q68t8dhcgjdtsseffpr5ltwyhmefrpz4jlurv3l	642
bc1qwp3ncgsfn0zx95s7ad9h8guemqg230kx30m6s8	642
14fDXt7a75dQA29UaYZ4Ct4FpzpYQukq9G	642
bc1q2naeeafrq6kafaf9av6jgr98pnw8p9a7hsyf4c	642
bc1qplfcuq742pnetlphc23g4tagm0qaqv0s0zp7ej	642
1GorjHQJKPPm3411SdGqM1G2fckuBjjJ2J	642
bc1qjkgwwya5jjcx6pe2j5vfh4kudgzeumk2jftf2u	642
1J53bn9NMBYWu6fH3Fvrfd9EoJ9NgbKQUF	642
18KJKd41g96JgKZxpDYZjGA7WJyKoGGgUs	642
14PRSwcchJs1fUFxtvaQHxi7gzTPS5AMHP	642
1Em3Tn1fV1fheNjwMtixDEDtAAfDTJUR6G	642
17UD9AC2C9P2au9aVxecEy9xg4gyXZZnDT	642
1MhrRK5MDvJyMw8a93Zbn6U19W2Wq7UNZN	642
13JnF9dvbYRLwWbGpLuJDknN4ZT32JqZer	642
bc1qm5sfhsau0mad8f45cwjerr8qj29j5rlzmx8fjt	642
1GsaU5CCyNV5iSKw6wFKd5AxLJxW9PK9tJ	642
12bjV2hxiviZ2SAYnr9LpTHDNUCSQMHYA6	642
bc1qly6pdewj8kx77ayxlvc3alr2sgqvljr9zpkx2h	642
bc1qjp0tp5adpyx8xzuseju4z5gz4tu0fzqc26af0z	642
1C9BwmiWLtLRLJiLPtZ3SbjiAdjxwgt2X	642
1HhSm41T7pkwyAcYNGuEWKSihgVL5NdzH5	642
3E5Ye5YaQB4njU4zRDPc6t7W3MyHzzRgN3	642
1AjjqwEtuXn7eohBazLG6qBGZjHKDmw5Ry	642
1MZaqZAdrEaF2xSX4rPjRBebVgChFdAsBc	642
133J71Mg6zLevnCJAiQ2qt59btbcgWe5wE	642
bc1q0gvkqglats5xr2qrhr4nf7vcu45lfawsayyv4g	642
16UTm52QDi3LGAMtKnbJ3WrST1jbGozY2a	642
17Chsi2qfeNpJFvvYdFe8LWQfXiWaevyNN	642
183jKneUU85cXCxT5SfsEsk8JUhU6XtGQ9	642
14pvsAXCnt2KEFTveyPKB7yAA7ZuG1mxUP	642
1DX1BinzJz8anb7KUfe7JnWPvPMqntFbb5	642
bc1qdhs5lftm0fkqax9snu4x9h53gcz74qfa2g3ra3	642
bc1qa2sqzxf59leugmuj7f9nj3mgpg0xh9g9kpxtnx	642
bc1q6za8getclnnukkuzgd2zq9f29vnt3tkzrzk564	642
bc1q72z6axxs5wj2psfrcy5gu4m0auy0k6lpwqav20	642
bc1q54s89gpexw2w0uxrs9zka96p5mkv4n0qmks0l9	642
bc1qkytr7nyxvkdetq97enyjtvfn4wg8fxrp0u674n	642
15tNcMiVTRzCg1HS6nwuN3K2Lkud4c85MT	642
1BDsxatimzqLraULVwCUMsYYjcWbh9VS9X	642
1EaQPcbvYN5nPU3Z4SCfCE6CdWZdkdDPqE	642
bc1qncv0ev8a05zlqjf6s504rm0namzhy0463ek4kg	642
1CMBZ9Yg97b2AMhByEArH5NLuTd6eVpmAE	642
bc1qvtuktullg4pqwnacla2d7tm6mzcqxse2ufyt68	642
bc1qphewqafcpk7j8r7vf9fqw6hnutdls5sw49a5rd	642
15WJpxWd3fnXKvqbq4XVG6znJ77HmvaTUd	642
bc1qgycl8rc94rlm0lg00ytsr5w0kdzgycn6n27pnf	642
1HQ8SyrkhV8pSGKRi8RqimyDDt3LDD6LXX	642
19dDMqEKMuC4b6JiG4TvoEo5gJxtPbpuww	642
bc1q9lqv2m0h975g5pfwtn3rgcewrzjcx6gpc3wxud	642
bc1qfq7d808pvs8wdckc8x9grcxrduf076cqmxdddg	642
bc1qtkwa5kw82shsatax66s775cmshfr3vg4klryvk	642
18KyXvmunJB1SLN6QDAh2Nk6cbVR9ZHX2U	642
16Y2Mprdd2gjMZhxmSk4T27M9ZJckfWVYa	642
bc1qh4daxvsryk7kt3f8x8qtnlzvlq0695lyw4nqvv	642
1GnjG2ENwQTUNTdXTzi14Hp4kq9k1SSvLf	642
bc1qyatjwwnqv0ug4ajcyjsgwcgc76v0kytm66qm22	642
14rQkz8Qy2CeuBFJnRYEnmNd1g9URNjkD1	642
1GcmUpoS1UsuvZP4t9RHueQvCJaBvJEJRK	642
3PvoHDyVSnaQxUEMQndNY6NhemGWDyWpKd	642
1LfRBpKybNW5D6ULhRF569PYhgwJ4v3vA7	642
1EcrzZ8SRaWTCJZtvYohjJhpizvWTEHFS9	642
1D7eX4JpXEHmxFx8sN6TLM9vEAQwg3DuS1	642
1CJB1JnP1ddtyCcB3QKMPQgS9cKwzKE2um	642
16XWunuYoWV5gGcBQEQQiDtjfu92J6it3P	642
3JSA135nPSTfpB1Ej8Vx4AqdV8apeD8SAy	642
1Gyr5XJDcKtdaRPQViR73YsduZ9TW9Poaw	642
13sGoNA6YQELdWFLSjBCji3ZXV7ahpMEHG	642
1BQsUFBibmdH427x8TzA8bWcvQLhvvX2f6	642
bc1qkpt5jnseftkqm8p5vy67yser88s2sc2yhwllje	642
bc1q8xnmaun0lznxcq8rmzrp2y42w8rdu0wuhwnztr	642
12anbNmHbgk8HXNFm6R3EGRHXy1S78Psya	642
bc1qnpqx043zt88cd9upk0rgqmh2z3fnnl9c5r20je	642
bc1qszsf0ne26gj8fwxyegtndja63emuqlleg3ycsh	642
bc1qdr9q0h8d7hkffz0d98827srgfs8przz3pn68kl	642
1A58Dpnxdv2jwwtNJ5rrEUUg1EXBnT5Txh	642
16JJBctXjx6i7VMZ36D37vgNR2DUMTp81M	642
1ALBbMNUG5x7hDLMDr24g9VeyRhu76nXsM	642
bc1qtmjjkz3sfurp7usgejargyc3hskt0mhjm0udlx	642
1A6PtZFjF5nReWQfeUkTFTP44ejEjSNnCD	642
1Fn7TWk74o2Vv6Y6c25jEx9LudPeftfRKu	642
1HUjhhhURCQAbaWuDg3FRyJ6mvuUhYfeHK	642
bc1q3h3qf2h0lhjfen79vgh9lwx3w78pnv87ej3wgn	642
bc1qwn6pladdxjzchwf2wswdllyn2jahwhlrmwfd5r	642
13XRidzy4Poj9xYu5hsaToWgLUTWCD3gwc	642
bc1qeuw8lf9v43f29gpjtm354ddkt0ueu9g8ant964	642
bc1qezdyl9ya5cc284cwrtjztv42qhszrk9tngtdwd	642
1uLTY4GHMeCGrtRc61DxZAB6W8tUjATAx	642
1ND1ozPyZ1UEv3gesn1HyD7C26PkyxjyPc	642
bc1qd32au75fljwzp4p4heg52x7c2jze0n822mkmq6	642
1553E3VXf81q93w2mEr2Lmje1vupPpVEx4	642
1FX2wFtZLHm76vr2RuK7W1ytQZh1KHSeTj	642
1J8bf7dZSWTMn2LFKStCgggqCqQ68QQTxe	642
bc1quntkxcfkssd86afmydtn64xllancy7sjqxw5vn	642
1CLetsAja2UbU3dzruxx5QKTx9utkwRojR	642
bc1qfpfqzl4j5ezvuq8kc33se7mr53vs9vglu5kn9l	642
392f4iwPSe44pEA6PUPFoozDyAeK7b9Tig	642
17KP6XSvNHicUVjGd788eGG46q2fKTQ8So	642
bc1q0lmv02zfuv75jqpf2kn9sv6tcnczpwadcgk3qs	642
1PpqK1S2mVQpdk2ss4bnoxXNn6mTtjgeTB	642
3DPbekKDfSqapZPA5zPKYKjk7ZG6kvRukC	642
bc1q0f0un32gyhcymtp6wjjmk66ryz8dylcthgcaer	642
3GZnhAPmn2K6bNzEQM7MLcAZApsD91xHrM	642
1BiX2cgecJ1NpvC4mZwaPhV7fQsKwn2FbC	642
1DGohTSJMp5LkmzMKhqDNCG3ekpCUCHQP9	642
1DsuHZ4RvuyDFDwpy2FPE8YyxRr9HFMALv	642
18YX26svnY1j4kPhHyx2nJ3UAvT9X5nSHN	642
18CK5k1gajRKKSC7yVSTXT9LUzbheh1XY4	642
bc1qu8vn55830kyw98vjmhufg8r2lmlgav496vf4ac	642
1Ksrn1wgB5RdsWTAVToNaAn4fikZwVP4Z6	642
1HVvRqRKvP7RLYYgNXkybMXR8MT9awVay7	642
1KeTXZTt2Unyaq6dxCkW8oPbgdjJ3EFqQg	642
39Uxc6jaaVm8oEXg2CbRsCJ7WxwXNyoZQf	642
bc1q9vjhdcshkx8dp8fwkqcgrmy2van7phxs79e0mp	642
33yzCfyVQpWkvhFxKDyYRVRYUvb3qAjuCK	642
bc1q3rralh6lacse3tkszkmp9p6m0wecxunuvm3svv	642
bc1qvx2n0na3r2c0wnd9n0sy00zvjkxrqaaek7qj6f	642
bc1q2t6md3uuaemxemkks78qxeghy2l6dlyj3x5fjp	642
1PdQYu52Bf4YMcpDL8Y4MFjhSepDLRVE5C	642
19Lupz65jNdX7dnxySoQCbyCrUHf1r5sLQ	642
1LDPK5Ruob7qd8CMFUQZrsuU3ttCBPBCM8	642
bc1qds9t2w8pg6f8f94j8asl5l0rgtj52yfuuc32ec	642
1KjPNXigrCsAZ3HuZkvgUJ9BgnB7X3y4MR	642
1ENeDKiugixRVGGcVj2tgupTktzELdjzuU	642
bc1qv4vrmcsywnzyqfpc03hf46gpma3xm3fwhmr0yr	642
195P4o81KE77yNV9NspqDaPiHE8QMeUR6v	642
bc1qjndunhnhdmsp4tzpjd2jzzkwsplt7njcrjeptm	642
bc1qajh2tr7cqv55rrex4g3c7drcms28c2uddmdct4	642
16Nk1C2SEk6xqnmAEULNeheAGQtb6HfKje	642
12KXhpidgjwee3VBshDGN6D4ANgHv2PvdC	642
1Lc7Rsr5kZgzpFYZ74cQEewkMLN3HSnE2g	642
1ECenVziXi1E5MSfFyZfFu8M31wwxrxBKr	642
1AWp9YWJVNG9dfEGNbYbT6DKXp9jViGMWe	642
bc1qg032205a9w4hj2x69ps300ua9ncwg5ehg8a8kz	642
187FVJNHv67hRag99RPKSRmZpHM2QaPQLQ	642
3G5G9uUtMv7ivd6hr4r6Hk4rngpbhpxWzi	642
15CzeQPPrpbUiD55uQCAKrcNZEAREpZ9Gx	642
1M2piA27kKeqWQAG1WRR65GppHWRsGaEZB	642
bc1qjpxy8vehs4ca22xvk35ypd74q4afjag5a48wlk	642
bc1qf8nq88j9267wtytmaxggx8vca0pxvxz6xurkl4	642
1gaXcpmg6zPcjRb2kCvcedjGaBzCwLpu2	642
1FkLP9cRP3QbruJg58eqswbhAphPzgdLEd	642
bc1qgqp0dquxkzhmn9j2s6e3yqtmh7vkmj3zs3peuk	642
1CphepN5nCogYZ3bCHjeEhuVXdv11X9Pup	642
bc1q9zk9gsu7dlrjzfel45daq80kynzyn7yzay3x05	642
bc1qhjzpsvtqdejyvlxl0s5y34k6nm8wqqfmlvf0j3	642
1QGGYM7ZxQw59inekStfxUYw1T2UhsRRUJ	642
1kSXeDokFxz7TFBVb5ustdw9YBDWY4SSD	642
1Gq88BaYVDgFANXHywhz1BasUFM3AFDan8	642
3EP5JyVoMF6K9ryNLVAbWWV9nCykQkZBqY	642
1ExQKTDe57UM1uiM6zFJDgWhVTF1YXzR29	642
bc1qp446m04hj4prqymrvd4n9q7zwqg08uwc2tzkvu	642
144dQARTjuE6pyj5wTxfjN3djPkXgCMXu4	642
1pDXEGwMKbjjnFZwUSVC64jC9igpracZy	642
1EwYYwEK1Lk7ftf8yt617Xz3XZ3J5skP7m	642
bc1qluhm5sg5avgdxq04yv4zaxevx7hm8ehylh7n5c	642
1MSZePC9MoZvBLDBom6QbTU3t43C46h3Km	642
bc1qzqjq6eueqwtnggwyrlacckjq0pe6as7jy2e8vd	642
3F7rLDL8ZUSpVcSAPGgjxx2DPRUqKwTJcZ	642
1a7np6QeDJS2sfALv5FHtGsj5MJ1QLb4R	642
1NXqwZw2DAw1a6JgJdZ8eCKwN3pyKA8zWv	642
1FzqkXJaXCPyHZ1iMPkwfNXXwTR1YkvjFw	642
1Ax1bBFd4kqBoYArwuw7RsoJAwdLPrru19	642
3DA6fQ9SWRvaUwVvABX5nQd1gRo6DFM3Nw	642
1LLcY8GAqcd7CdAdzRxTuueQQbkZYpoxRy	642
1Gpv3RAov44veiEvyKArEp5XqbhosrTJLE	642
1JbjexwiU4xcmVaVEWYa6wSgzfvo89XD9Q	642
1Fi4zdfAqwWs5z6aiF6ZX6iPZhjZiLXXmi	642
1CPd88QciARr1DAcbVBcMYcBSnRGY3fth4	642
1N2RQCvTxkUkxr5L1RmugUQVjgs3nQtNJW	642
bc1q9hd97fzg457dhu0tehf8evpd5apa0zgw6splaw	642
12MbQb3Hacv6gkrL7wpuGMifMaBYAh1pzG	642
1LFZqTDgCx6dHRfxRqew4biT7Jpk4KKoZn	642
1GYnNsf4neKButTD11fM2oANVhcRtnvs9b	642
1F3a3yGy2ndndXJA8rxURUMxcUM2DMa3ZH	642
1P3nf6N7MtYP5M6rDJFyaCJfjEdjpzSdW7	642
1F48YDQ8YyzyVvB2J5r4b4CHWB8qDD312F	642
18BuKfeGCyWcLmHyj3jqkW8uLA2Ls3h4br	642
bc1qcxy6ng0wqj5cj66wyv4kdq7ksvxjfpck8djd78	642
3L9v6fE5zLVsY5fdnjozfbjm2TgkMTkVzG	642
bc1qlv0v6jpwuz297g6f46n8leleqt6w23t233lpk4	642
15QYMb2wh7mTAyBgTY1sdTjuZ8gbTG6LXt	642
bc1q8fys38zqug7yayq3ejdnj3jq2t3pukl4r5pw5t	642
1LnoBhJfrp2vmrPCcByZAoqdD5B4n1qb2g	642
bc1q7euk07khc67pm57ksjsgjf7dr6sqwd4z5p72pa	642
1PpcwMtyW2nPbs3tJ51bez8LzePpCEPnDu	642
bc1q747u43w7ww34l9lvky4uv7w3kh7rt95p884ges	642
18ASTMsWdDW5ie7Dxc81sQ98CMjwgf61ry	642
bc1qte0msq75q7246t4evqlg5v0lmlxfsgvg0kh2y0	642
1KHcQ4MA1dcy5aPusD3uX6VNbP4S3pgiN8	642
1ENWZrQ1DcwSTUrXmgbssA5GLJfz44z4Hb	642
bc1qa0ftym034gx5fslwtdn5e7mpkxx4vt8wq8s6f8	642
1CgAajjvzbRSXFBE1VF93EkGztot27Zaw6	642
12BBfUD9UxDQjYnSvY2bNQyUeNvGiDU8ke	642
1WKZbkAVePdmDjAAFVFdg3dnF9Gijmw26	642
12PbJY67RVkPdhEQyoDW8QxgKHXPzR7qWg	642
3Gr4esot4JbhZ2yCQVaXX6m8syJrepT65P	642
bc1qhs25d4dqwqhux0yvmgdhd0dzue243tlekcssta	642
1AJaHiBHFyBettD2Upd1nLzTV5svXhx9rJ	642
bc1qjuvatwptqd3lqyayd63y0jg0h0sq5x27dse0ly	642
1PVmRjG7S9Yk3dBNHB7QuJmMFN25xz5u6C	642
bc1q8fv88s7t3pptu8k76hycy5zq46gctp704q5aec	642
1EFnX8RwKmuBzhwbv7HprGDvTooreza73j	642
1PyHt64uiySN5mopeFcNcqng7vCGCBB31Z	642
bc1q4derha3sjjyls0k2am27ymdhm58jrehq9mn3su	642
3C73jLToMrMM2jwxKj2X8dwZzxPJ9fmgNz	642
1DHHi9pqpjtPLaUpeuMB37V2qLdmRjYRi	642
bc1qz0ksnfzs2at80rxs9pvrcft928zg5gqaluy593	642
bc1qmk7zu8qts29q9t78ks4cxx2vlf7vcmtts2v3h9	642
bc1qjwtgs528knhl5nr6cyxpgxf08cuwp64qp56p4m	642
1AFbkR5U5iYDgZ7ZQ67LrnXMjgtGd4xnre	642
13kAFg7jr5gQJ7PD6jehUdC2fdWEZCVSrG	642
19zqiHdhGtU7mcuaF1mNpXPHnb4ibkrVUu	642
19QKFMu9qWG23TAorjgovLWtVj5HVLXQ63	642
bc1qgkfvgzvlkztvaner2xww8zrremjf30jd26q7nw	642
15HcP7ySUpgxvSaqRqscZ3e9fgTVXvfHH3	642
1BZra6DLraYkujuZtgsfD1d9hamcJeoLTV	642
3K6CVhDv6qQTucTohNSkNaiL3Zxix8QAVM	642
bc1q47yts0vq89cvhznp0dt0828968f292uzkkcpgm	642
bc1qcvuse0tmnlm9dckwmgf7rqf90lkr385zz4erf9	642
1EhqYgMRiLLg3jYf6vF73EZa7F1MPwfMTF	642
1Eh1KU4Wrjzyotr2pGL3hxbHMAZpp9vGyK	642
1Hxsso9nXcMtr27B867ux5z9MkDpVxLGts	642
19RYFeMmv2WfjiXJPdjd1RHuLzF9mWhTVT	642
1PMa6aM9UpRu6K6mN97XRpmr2uCWuA4KeV	642
1NoyCZbr5qr6ut4pKrQ46vaKQ37ER5mS5	642
1EC55u7m1u9AQsbUkTzWYwtd8hryJh313y	642
1Eo2UNwyBekpVoPpJeY9gJmJg5jiD9xaWj	642
bc1qmeh0rhwdedlz0k3zcktdxtx0l44kcchlzqwqqq	642
18tErp5vLPWUagJRDv8B73iYAkQe74wEdo	642
1GYwHNRmbDroriU8pddKJLegJPAQymVy6C	642
152RPzxHohK4kGYfrhwujmbeVKG1RxuNQG	642
1F7VWjsC1A1LRe6zSbLDf6xqaMrsZTkKzu	642
bc1qj83jmwtwlvvmhrqxjhl77njkvsgfskwvzpmzxj	642
bc1q5ne94vt54gv2gjmwt3uyq4rcnkuxvpf7hjz5dz	642
1LL5RSot7DGDusiVQyR7Btg7mdpov8dc6p	642
17qDSinezGUWeJn5sCegfTVg5PB67xtZkD	642
bc1q2gz2vdxaaugumjrzt8kd89xdyp8qy2x0rkugz0	642
bc1qurvg6yd3xr8c9p76sxnj8n2ynesnu25vmjclfe	642
1KVbQYGypXKwjEoScFgh5dCNkszf5XxKnJ	642
bc1qp0s4nng3yw5jrr6tqpzrtdpwl07607t36q8dwg	642
1652gtVJynu3FbuKdNzKNHvxDrSeupM7ze	642
1LddCcHkZwg1MmTMfgfD4FWMtK8cb3BehD	642
bc1qk3ga4rlqr43uy6770e9lepnwlxd7hv4jyg8d2y	642
1Ff2HTQWvV2v8cUqXopaKytpGnTYBTcNbm	642
bc1qhhhqfskpjwc8cx74r4fd936e6xm6vagngqcc00	642
17KdyX5SkCQBHsPVMJWzNyEkvVCh4iMuTo	642
1E6gtpzKy6UWwiqdJy9rdruAGAMg4mHC5H	642
16xjz1odQCJnf6j5X2q32DiZpym3T3cBvV	642
39c2uKgXLBvPbr3Cgu2HEnftZQZhvELuxm	642
bc1qn5khnf8g6xq3l0ng78tghnnnfg7sehq2e3q207	642
1N4EneQmmMcWYnoA5RjWJZ5nkgmJjfioQW	642
1GSqpuaFkQ9FDrX9T2EzQHp2uk1LqxTVia	642
3DAHAVEKXAehbXnefP4hM2P8nS1GVJypMz	642
bc1qevs34n6g7fr6z0pwd0j23l26lkrd6jy28jlczm	642
bc1q7gfhgwcmdvf5rndur93xaeasd78pcwk4nmxhpu	642
1AFAaqT9WgzaBUkrsye7CMwRLvutFXtnNy	642
14LwQ4VS2mT4vXqdMBCkr5oS2UaHHUNJ4L	642
1HnfhTUtKSwy83ToT7jJFCuDXor1rhsrbd	642
bc1q9wv8aptnwvza0t4hmz3lhxfp7rtskrauew255a	642
12JsyCA4VtM2T2vuBKYsRJNa2GewJQ6xci	642
1NDBeEA8PhonXqExM57GiQSwm4fm5fXKM4	642
1ADbDMJU8sXjbkg3PuiUqa9nsC44pYBpu5	642
bc1qeqas6gl0rkjhxtky5ftmk7u7c2zyqwtppzjjkj	642
19RJyJhMsNWgFPrrJe9c6SHGAWMFzXHZbN	642
3HQVbEcPLbJsqaqJZgu4TCjroWcYQ6UKQe	642
19uYKnpmpV3CPCEwjsJ1T4FfhZuvuyE4SN	642
34rYgkcaKHSC1xKqGW1D4Xk4Ab8RDF4rs7	642
1F9uN1SYN9Z2gVYERRU41ed6KLNw9G7eXW	642
196MmxNi7KWoogZ6cVE43B7JSH3ck4Lqcq	642
bc1q8cmearu7pc427h8app3s6wcncw4wplg8q9x3xy	642
bc1qxx5es9al2w8kstkjy27luklzz6gx0y9xuzqxyk	642
bc1qkscwkykqlgzzqcvr63dm9ulph8vh0l537ztqk0	642
bc1qftxqyu5ujw7s82xenr5j7jv8wygxq4r48dwnzx	642
bc1qtuyafzdduf4p6tc98ugy4unayrht33fedldw2k	642
bc1q782eygz2zuh08qs2u34rvt46snm4jxvs023sf0	642
13opibhWzHFjvxgx2otvnmWtr8a1KhdzeN	642
1SwDbngSbUHrSr6cMm8Whk7MEz6xoqSHo	642
13QKSHotEyWdqzE8S9EiYm43XukphfxWqH	642
18ms1zcZNQYyRxhqtkYizZTty3P5AM6PMr	642
1AWuxRxbmeqEbfpbrh3rs3kThiBjs2H9VN	642
bc1qmackzflkhh406tu7295m8axfva303f8luxt2ck	642
1Bjvfig43GUMsck6RtdTjMQgKNmsoLXcUx	642
1J8BQL8zzk5ok4U5XeftdcSTKYRxhZ4Fe	642
1DYHfgkYptuNFhDYWrqTgNNkvr8mQwCMfK	642
15xHzry9XgSaXkeaE9GSHmNgBhjp9Xg3PN	642
3QxDBsybCWWNaqNQMYgCALGbNm6jSkQujX	642
1E6o3Po6efoovq5zomqjxy2mDjQeWcEKcu	642
1FvHyn8HG4F7BJTZJnZL5KwiBSyzJf7wET	642
bc1qed5yu2g258t4pmksnjhqclphrhce5qqz9jaxgz	642
1FYcpCg8Mb3rXFYTp1ENW2JzZgGHixv7Wi	642
1NSoFzmGSNn5YWKLDZMTBCbSeaGPTLvmaT	642
16ZfVnBg68ZWtiBeTycyDJaRM7KumxKEk3	642
16HiVDvQQm7YMavyX2ifzJBvGcvx5QF8JE	642
1FpRVsWS1mtHGEYLoagjeTBkxmbrXKA8LG	642
bc1qv989lv7cxnk6c0ydf6zcna7cewkurtutat8pdk	642
1JBMw9WfPFjWctYZ5vfGYev3Mcv2GENLsH	642
15t2WSk6wNLA6Dh7Np7f5ugUNWascHanQk	641
1DxJANpSf9Ve2q3Nxy5S2hpoPiSDhHNFRW	641
1MJsCLLfb9WD2mQfiUVHFMTxCL5AuBp61g	641
bc1q9cpsj24ly5unlnadznzhh03t7rzzhxkwuful6v	641
1LP166EuyoF3ceqi8a7VaVKJ8nn2xn2HRY	641
bc1qryvrr7clatmrevywwu40pn00ez30tf5tvxyt8r	641
1EyVK7UJMRCsEYue8q13T3k4aj667U2a8y	641
18oUHRbvgCJgzvHnK6zsy4pnY7h75LkWR5	641
bc1qm7aah6t0ulakxs45aq7wk3mt6xzfxu3ad67w3t	641
bc1qyvtnjsl3qe8nk0y06azwfwprhqlsnkqf57qf9e	641
16skRVnsoowP4EtbNNEsZRvTXPrj37whV8	641
17NKVMRZoDxdu8sbM7N9N82WfMwmoUACRP	641
bc1qxjqkcvt9p69qzp6g9d52dylyczz727jjr7njp4	641
1CUaV4bXUJb2FTwUt65T2CYBGnJXhCuyCa	641
3HDK45g7AMkKhk3qjgyoJjzBve8SmWfzLo	641
bc1qwj56uq58zj6482czu2rm8l6hdmdu082vgv9362	641
122EqRsUypmF9dxbc7BtQHrVHc1PMSNjp6	641
bc1qf3j56h038pe3kzphru2swtq9feuvm4gh4h8zuv	641
15Ux2W5ZTikZNtHBihkreQTeuJ82LvTo51	641
1HqD6wxcWMp53rdRg28bbSbJoWv6e6agCz	641
19p9VSPwvvEyBEC3Jf1j8rzawWTAoDv4Ud	641
bc1qg9kzemftrcgsd6p5y28pjn0vgphhsz0jerxzrq	641
1MbN6wCZ3PwExQWTa8H6ZCdhRZCphKYDUU	641
bc1qcdp4d2sf58tn2puvq83efysy9nuftvz37gvq98	641
14S965P144SjBtx8GLAYdKaknqsGptgXxi	641
bc1q8u66vf7eqcv8xe8dcxczc0etnd60cxjk7apadc	641
16ucrhx6zAQpLyJ71TmzFE9UjLEFMdwA7c	641
37U8cph6uXcDGriGU5bmbaaCWHaAJzLtQj	641
16DJFLLmhGSzFjcXansSZbV1oq4UQuJEHb	641
1Mp262926pJemDUuw1zkXSuy73MT4kHbXM	641
1FBzCfaHEPAdycsjFhpsXK8imnjVSpD4sK	641
1N5T7UTiPT73ssDvvGxLB4vCbEaBD7MT3B	641
112xBvdW5Lu1koHTdqGmyXGArA2XKk7m7j	641
15vdkB2xATDhjv4kpysi1RP4HqxyzCM6XP	641
bc1qe2cwxqzpc76r0035tmkdu98uvyu6m5asj7mene	641
bc1qwfyg4lmksflhsnnpxf6wg4akl4zrtln4hcj3qa	641
14VjBMxz234ZFET3Huvw7BybRf5tDi4WRm	641
1EEdvApsKyV1tuavPfGGMKHRgJJrHANtyD	641
15vDh2zUyeWQCewDGWbcHomPqoHFMueNb6	641
39iSTHFwoda88hXRQ1n8nBT8M7sZEXJkh8	641
1GjNwb1Neq2eq4X8BQmpoCwG5hTHCrxpX	641
19eXWAY5NLjg5jcSZZenK6oCgHL28y8QAf	641
14NJQ7ApEN1LHgVgxoF1rZ8msxvpaKD76m	641
1H1KPhC2nhgveXLT6BRrBxRddP8fzkMEpx	641
12qAgWczcriYxfUkv77gDmMAbbJ4u5yQQ4	641
bc1qrr9asq7y4s728aqvjkjhdntyznupxttm6j09ms	641
13XsidBbyH41ikiuGgeHM7Vqm1PkfQd1kD	641
bc1q7uw5j6mpr2qnyfhhfdl47s5ahg99e20fachzsy	641
1AECmVEcVxBh8AtYhzQyZnhgHdqY6UDxpK	641
33egH7H3pCiHACw7oTVqpxCobZ6bbzjxb6	641
bc1q0rekwfdpnn6rztxsuadjcr7g4sdpur6l44k6dj	641
bc1qawxh3rq3p6zl0jfur4pe4n699ee6tlpahquhhd	641
1BD4maqZYKAP6VXm1ws7MCJDVyeDo4v54f	641
bc1quh7kf36gljx92t2p7mpfmey2d724ycu80er3eal2qat83cjvn96q4mypyh	641
116FUabU3Vq8vGLvq8fxqvK9WqqvhPH5EL	641
1HUnQRXhCTB6Kigk5WZa1mVauCrgWkLE43	641
1D93r7xRmc2tnkENv3gKJruyVz5PfKqf5y	641
13iHubSFBiE1zysvxsz4V3PWN9uo4AFtN9	641
1LD54eyVGJCBJm6xtkxDuqnnioMSQw4jSD	641
12ZieAg9GKi6eFsf3Hrk4FVP3V9oNqWpHm	641
177v6rpNcpfbAdduCw5UBanbeEzEtujDid	641
1KhvmpjdWLNPpLs8uroq6mQHdFHrTYYfxH	641
bc1q00878n7amn40sw7gjfktw3ag662ywqtmsql848	641
bc1q7hnr5usuumfxl4wjanlptd90dttwax54p4de4l	641
3Gcpt5WEzYW7kWrtS5UQzcwbN63BZrscCE	641
1AEpaqLRzeqNf8C5GFopyVyFW6vyDcEE1V	641
bc1qxcgwxnel3dm3g73plgrx4d2654yceshgwsapx8	641
1B2dALUhMmz64QtqLmJe9v9ji7X44DDrCD	641
1kJfiJSbvVQtvY9UgKYyW9C59kPJZTLcw	641
bc1q4s254d3urfmpngs45c52cehdl6g5wyxvktfpem	641
bc1q6k78t5unv9ukkfpztawt73mfel8kelcvcshavf	641
1CELUu6ktRnajwSTtedWbAHAP89bY6DZtt	641
17m72EFWZq8AcwGE3ohUPk9fqrYr7QF2BK	641
1DKhuNAgW6xqbMGXqN6Y2HpUwU86e1F49H	641
bc1q2cfkkhfum99ekxj4h96l5aw75aqnt5l45meem7	641
39XiDd5hgoyujFxEHhok9eWHDgXRFTm2Sv	641
1HCXFhLUXx8XivPYHVoRXJbNsAcvE5v2zV	641
bc1qnsr48x4q672tjhh3z7queag7x3syd5nqxmgwvd	641
bc1qjhsg6vahjw4xhx6qpc9jgacdvukzvwkhwylmyk	641
bc1q54a0mqc8dtwl7q23ak6fd7d9cjnu3ah2udyqsg	641
1Ghyv2jdZJYGk9vf8jngz8kPHFF2CBRX7n	641
18og1YKUmG783F4wTuaGxibwuA1zqVVSjL	641
1BiCy6yPZJhWqQgMvoECcWAjBgmE6RWrzi	641
bc1qkhq7j0rmmk8ku5da9u0n9qcdnrz8ffm3jvk94w	641
1HD1tLcxfFoT3pbkptjbF5okuxfNEb5hxY	641
bc1qxrjn932qw4kdztewv9yeq6vw00xmq02ey55f2l	641
1EpWjPWzqNHtkSsMGzMv9TxjmCG6N92CEQ	641
35x7sWtBqP8SZUaDEtK3noD1ZtDDY5ZMtv	641
158yTo45pxmLQjPKUr91Cqng3k8hxd7R8h	641
1KDXD9HtUWGFkhVhuisNEHwJ7QMEEnEum9	641
16LuborPFvj8nZAxb8sbssKWYVc8crhYRW	641
1LDzY5FdxdWBzHntFYn3Y1wXvyrHrcEugK	641
bc1qxngyu0mum06p27mn6tvvpcqfxzy720kex2jkf7	641
13MLKWzu5GE6syWw1uCwQ2gUWtjcCnXHZ2	641
1H3AzV312MCzE3cY8kcLc2UcmW6qxFUxcE	641
1KSxKioP9mkLPzVNoEyBR9LLzHxznQv61J	641
bc1q6m2sqx4kmza5utjx62lj9u0mn25jwm3588lmsx	641
bc1q5fjvx9xaw5lq9y8gypvudvlg6nmegfk4f9dzhk	641
bc1qpp4sa2u2yyqs7n9pasjrhx6la3pjj6ky866ye6	641
14bFoZoRKeQi9KetjLmu5jE3C7QkzEokiZ	641
bc1qfzfhucczu7dhhvlf0yl59f4umda5xactzc8kaf	641
1GiTXASXuFqXAPodZUhS4oPFTsHTdk2W5q	641
1NwZcp7iqsGbqPvMBTxF9egJJcWmVrqNCr	641
1FbbbbqnARXmQbnxQ9Yy5YnhaMRLCkxWwV	641
13zeBVT9fvnNcybxw7f1wGwopkGYVfepG8	641
1DdvD9PwcWLqNVnpQMZjmDTo7hGwSPscpb	641
1KafnY6QowEYEhYBuzvEtjkepj7wUoCdCe	641
bc1q5wy6leqqhgqq0cz6jj56dwlvl89wuc079mw2fn	641
38DHaPbjpJREsWYBHNTDZ7zwXWJYM3irki	641
1MMDt9qZ22XhtYHJJSwzFFP31PzFpatKB2	641
1M8Tzj5wQYmPsgGMe9dXk6RTBtnvpE8t1u	641
3MKeke1Kn4YHipsbmjkcGqbGqWWM8ct43N	641
1H5ygmjn6dTPFX23SsVk8QF8TEKnTgAipS	641
3KxnBRcJycxJhEwvFA32fojqiQhcZKvxc8	641
bc1q34n5ckwzc752wa3ykqfg0pzcj0q327vesweva5	641
bc1qmx98mn64evr8ghe35ly80yvxy7wqlcncnc99ln	641
bc1qdl6h87wgseu7q8uy6596gzclj83jcr2aznepx7	641
16VBa9CfFk8t9zyyP4vC81PxU8YsHMCSqW	641
12f348VEUHrt4xUsKExNpjk5UJdShLC1iH	641
1CT5gbpcjWzsbwC8xmQCqhy8EjyMWwyd7G	641
1EitNf25Yh9eMcG6qmtiVwDnjgPxbwPNkQ	641
15BynyvhPgbAXPdBsW1fdjNgmzzAR5kx9c	641
1MDSV8qxRECbmdirzxPxCTBguKaKnRea2b	641
bc1qlxnvne0dmfn2jza4haw29jgew4vydnfkxplvs8	641
bc1q652sqv4kav5rpvxfgwwqq0xymds7z8su7w2352	641
1BkrY6skfBaS3sEEoh29SvuA1x8PThFw49	641
1CnwhbkygigkA3Lg1vH3kaJKFe4CK8bmdo	641
1L8bv9HQGHZT92ozppTJkWBPLfewnVnwEU	641
bc1qlvkv985xemk47028zz5zf7920z839csmsalhxy	641
bc1qe3qznmcxge2tuh3z70jw9v5vswg9kt3v3dum70	641
bc1qvzmzyxucgd4797v9gjufwr7v86jg3f9recmnu0	641
1NZYVonLvmbo83yCF1y9nZfKibkT6JYijh	641
3PFGLPoZf1tj6d5W4Toeqhc1VHijZoHKDV	641
1Ey5Nx66dM4nozWP6zw2fxLNogiFUyjAws	641
19LQHMDWGcUscQd6AJo3kZWceWxvSV613e	641
bc1qne3yc4hg6klfdmh2r437a93kvsjn2r6ns42ud2	641
bc1qv5kelty6alfj7hfxj66rgmexlujcx2pnxtxntm	641
16E1rmA1FMWfzfodWiYzSqbuEBkhwwDEew	641
16FxRCVDQrDVKoLLHLBQTDZPgV3rt1mdUE	641
13pccqFWgeZdxNUEDuX9Zus1sroLnhsRzd	641
13oZVN1Wc3D9Pw5vQte3HiF9wdBS2se1eZ	641
bc1qm9e2nu5zu9t7687fgef9tj9zlhre3wnd3ujd7y	641
1BtXd9U2hd5x8ezeioVTi635qJxwghSNM3	641
bc1qxe5km0y9zhqfnaax5sm9cucvzgaax7ds4e85r0	641
bc1qh3ex3j57ssehl5see7j5npvgd0f0caktcsfac3	641
1E4Arp81B3rbTQPEFJrGsfKNcBJhp9dN2T	641
bc1q547anke5yg2t48w6sekkuqel0k6v2c49ar3s7v	641
1GftzpLdfdErKtnejbbPwZ7TKoCfyBxexX	641
bc1qm0yyfe2uqtv6scua00zn0u3vzj5ce84mdhs0z5	641
bc1q8466s6dwc825t6v0rjc3tddg0arw3e2arnmczn	641
1Gq9rjkT3tg797XbB9h5Bcj8uisPruDnwp	641
18afP64Ar1TsPfbM5dawYEa3LwzjRKi5Mm	641
19RMPkaXB2XmCFTpsAhQYC3EWdW6fpqN2F	641
39BvXDdZyHCP4W89ZatYjhCawSVZDAWYxH	641
bc1qvj9w8q67zfjet7kjc59fxlw7reyercpt23f99y	641
bc1qra4prfl8vh4cd0y9l4f8j8ham7d2a09x0ry5mc	641
bc1qvhh39l6ylmmh5furv4gxjrmk2le8ex2c8mrmua	641
bc1qqysyvcjhezdswlgj35jgnfcz5yzwr9uhzchet9	641
1MjYSLiB2g4jx6m2PxQxheTBEJhJFVm6Xo	641
bc1q2qcc9qqwmwptc6c7zp87nc3lrrcaqt4s4jaq8r	641
1LnsDEhZtUPXtjvLFxym2hDD73xg2JybS2	641
bc1qdnramudux9uyk4luatepj97whjyegmzynr9p67	641
bc1q807v2glaqnt8zece4fn0f508c8gfe8g0p93ze5	641
3DFjPZ4eKqPxTTa5icwDmzbN5NgdZcXrDb	641
33PwmEBciZsWxCQ7o79esFdkLSbBRdKBWP	641
1K9hjApVBYNYT5DJbc9aDBMwaSSACDTnCN	641
bc1q57004lwn0d0a2c0t750npy7qv5mfwm2r9a5csn	641
1CLjggpcvdnhu7VPBkCPnu8dZcR4YTBDdV	641
3JhezDgcTLvnfayEmnusxyaqcHXnMCMfNK	641
1D5F7VH8sFxRU6LdADZaWJQGH1BH4e7uEQ	641
149nMAsn3vjcEZ5kmGhQiZfLDXdyGNqLQb	641
1JTUEE989QNJQ8h58EzM4p3Em4Cwy1pgpb	641
1ABKgde1nh1vY1Y68MsdfuCsnCzXb6kkTM	641
19erzvdQTsjNVrsnKweJeQjFYt95gMFmPm	641
14jw2tckHaPZtmESsGnq9iTVptihEjF3ZM	641
bc1q6d9jaeqn566arwpf75lkrk9ft50x0u6z5jjycg	641
19s9pU5sozRmbMeGNShwRqxfTs6qzUGSKJ	641
1Ffn4pXzkUSrJoMjfXUyQcQH9SzW3wBe3j	641
bc1qah56flw7ga3uf66w66hju0fwakvrsau92hywja	641
bc1qa4tna8lmffv5wagjhz9mlsq5v3ctys0jsknpku	641
1NcrQRfYpPGXifWsGSqPPXqYNMNEtWf5yj	641
1CiM1Vi9KJyehJ4Brm1qpM7EgwBS5a482m	641
1KyYN9ffyg2SScs3uhYLGQXENyHEd9miZc	641
bc1qvprkd9cwvd6dh8kd5a34yc86ee3ghs9lhfk2er	641
1MEvLb6WbkVMGo3kTQCCvnG2Nw65e1SVua	641
1EQK2BPFjojQzFntahCoaj9c8UM9TwfhD6	641
1EJYSrkTSqHD8JBcofmiK5EmKSZbUbC95v	641
12AufZ11gQwir9amxw5pESYoADNdzhP78H	641
16qFW3S5fafmV2Y1r4ZLJpoUYiWkg1ZiYz	641
bc1qp5jvvej8dfpumn02a3ljqupjxcy40ymz35uss2	641
1H2m4VrPSLUQsSCZnuN72i4e6bdGhzR2r7	641
1FTZYkma9yeT3RCZUXozin63vEawcF9zr7	641
14FNdNmMd7XdxYziDWQRzWYnGKbTgZHmLW	641
1KyzPf6fJ7RcuikqBMF3gKbYqnn7QVZ2Yo	641
13sFemUb6UdJTqoDPZYj3PsKLq7adN9vQw	641
1AUfk2A3eKbrwZ3Bhrd7L1VkZfJcKLcVXH	641
1Dnw6mT2hFRnAYE9cnVapHxidgcPXsko3V	641
1K8VVDzvnA6qfnE9nyk6s6LxfWaBPWqS6S	641
168ciZHc7i7iAbT33Cyu29RwgxRHjXek1Y	641
16mFWXozAxdnbZ77rDFbv122JNBdGGzarr	641
bc1qw3crtckcnm76un5mjs9xm9uj9j9tjzgp6w6l6k	641
1JUv77HMbcj2yKDQTf3PtkuzXrQ2VAL9gh	641
1CwzXMEPj7vggjPX3Mwy4LxDssxzNbffPi	641
1CaKb9BqRZwe2hnv5iRNgANWqAesGjBwGr	641
bc1qmu20asv4e98aq78hc0uc5ll66xfd4esr39n2zz	641
bc1qjsf5r4qqcw5g0vkfa6p56jrd8gf92nsqz9h25x	641
bc1pwz60ly5a7qwax5cahsg6uyvm4qe2ulg02gk3dd9z3x2j2uye6adsyfu83y	641
bc1qn6f2jr9t4qzxtsf5mjcl82rvkdfyp58umar9dg	641
1Bxpn763s53DvLaZrwcspQMMp6cbzPWtxv	641
14jWFerTkVSv9qZzuKezFqLtjscfrw1Dv4	641
bc1q6flwv74zffa88ly0c97mmrmjeyvqdcrtddn4pw	641
1aqdY7ABdfSPxdK5HfdKL3x4pKkZQkLVk	641
12VfGY13UqfR2XX3MoXSGZuYAgzXCPiQaR	641
13rRdqWtjgM2AdkZ8CGBBcM5sVxUKtmN4h	641
3NrtvSqjeCbD38rJHNJnbU4P47AZ3QbkNc	641
15hCV9GV3J67MYC9XmxWGH9TDLMkq1YSsX	641
1CJYUSY5iShs1bLJkn1ZhPbs67o6dn7z7	641
bc1qhmfk0f0ygjx458a64pfdr4ft6nmsdjgfs2fknc	641
1AUhByWpVackB4SVxbue2AEDfvuVDkkqXy	641
bc1qleg6avs9hysg9lsd0ykjtcszwvl88cp5cxzg4r	641
18GD16GA1wj2Bm8NGXyS7n42AGCJmxqKqS	641
14iapoGXsRcYLWwxWexj3US5c8SJnDY3a7	641
198sLVHXerdkjUA8Gb7EYz5UL43i7jN2Xv	641
1GSzYrGNJi4wxAiHVf2CvC6Myj6y6rFnuR	641
16Bh7NRoGQK41Y5DZRV4KqyZVQcedLWMoH	641
bc1qa72cxpaea7df0g2yz4228ksx0pvqg9e9wdmea5	641
bc1qhclzpgf47fdpq43xqkutqp8nnqhn2kzmzy9mvw	641
1NXb5DoeJY191NwL8enW76VDpRJN1TsYYo	641
bc1qnkaalgszehy7sq53c2aet4k9r7t8fcrjley399	641
1424aAisrBFVJQuwd7jCZYhKVkqoRrZ8ey	641
bc1qpcz7jawjuc8u7ylwrda5lfdaf5ps7vg3akkmq4	641
bc1qf737fezfcmepxc508mxcdfwfnkjnyymfmmyqk9	641
3D3EzntXiZURKsQweNGjN8xcWSePg1fHYB	641
14Kt5S9XysS4SHmVosaB8PTbbyUYQPEWiS	641
bc1qymr76qwsnndxsa80wzwtq4ptxlucymcpq20twa	641
15jQkyRE11r5FRtUrfnmNai4Q1fY5frkgu	641
1HMjc4zatu3jbYcCpYqmQyWdPFa9XJcHJQ	641
1BsHR2b5ZekYekcyYR1sYAi99pdZK2LXWo	641
1Czz6PuXk5SFyX4oRd99YZhA18hQH8Tdhn	641
13ymKTP2dB4Gg1srxzhpxBQATiBUGGd2jV	641
132piMKXu4Mo45ascqVy1vescghatRxN8X	641
18s6ypmksGJY9osje2i3u6XKPbPckDwQT5	641
197kZX6QhTUFHDR76ZJ5g9FJxWXdR3LGDZ	641
12AhU2WXUWQZvLESR6uam1PzHaWbXakotf	641
bc1qfmgntdtk6jlqv468uk4rrnck7gapsenjmwggsk	641
bc1q0zvg7dxh25u78f3jp9v64lv66qy50cu6fqmwe4	641
1CMJYhtfL5M7yBhW1jmG3bRJKSjvq9rCxn	641
1G7jkN4YZDnfRD1jScaeCqsUZmD1iUiGXF	641
15yHXVz6hCjsxLP4DWGE9uAu9v4fWAvjUy	641
16H1wtuz3AHuVoCsw31szUwqm6JD9rp1Ct	641
1BaFa7vXGaj3ooUDSHTgvTmx8cJNtTBpkA	641
1PBqqjDb6jdjdmvNigGJcNV3qqsZrXduV4	641
19D5JjKYnYf3vnkym1wzCSzHjvcJsskzeC	641
bc1qcr47y74zh740ezhmjudx3u42nd80xakcndtjs3	641
bc1qgh66eystrr79xz5wya33wyzhmnr64q980qte4h	641
16wohyYjAstFA4MEH9bSqvfeCr6cRpayB5	641
1DjnrPuGinytAPuugxPb8agrzYn9YFF22y	641
1KMZE9fQRjYjh8GArbyd3AAbJaNkKgu1Nj	641
14S3NaBxR6ELFLKMavc3DwfZS9Qr5snpAG	641
1AMSZDMwvMbGBHV5kxMNBYHNZ29Tdp8NGo	641
13ajSf2R5hCznec6PqDFMgUzZ3xZzAy9Eh	641
bc1quxqwkmsqzn7s4qndt7dsaeehqpgjqnsgffre68	641
3MZJbewwmrNUj9zsnLxzXn5NuxQgoWaWoK	641
35t41pn6x25o1z3kfaqubrPEv1C2aLAF4D	641
18MuAqvC119aq3imfZaLZXAuiSGpbk1qHp	641
1J4Feo9JbuP4jtAWT9o1GMZumJ1hk7wvRR	641
bc1qz23tz9patnvyu4968fd4fesv0rqaa2c0yxsynx	641
bc1qfw032h49vdvxjla5pjj89s6jjj2gma6pfmtqck	641
17wyLMZZYhsKMMBUUPKTfULGUxCs86Eh8G	641
bc1q6rtttkzu0ylt7rvlk6t36ssc2wunf43d409j7t	641
bc1qv6thtdsrp69sfyxcc2k3aw95egnnqwn37u7u3z	641
131CLzxMsZYcCNnbPqYiLU4HWP6yRWhyKT	641
bc1qlalpc5cgm4jzk08flz8ju9cc4ccn6d62srfls8	641
38LUc4izfowKuLsty3xzCmU5n1L9yjF2zF	641
17QJYM7a9KeECFxNnE6tPjPxV4dTjCVLSe	641
bc1qmhfankxh69rvlgdssupalpnw568vajcmr9zphx	641
1D6fcyA3xcLujKrrrgBzGXJHbmyU53cuSK	641
1KxbZwBK3CKVeLqRvusNqjqKVEDiWTqmEq	641
1PuXmE2chBsgQfroRjbdeBjFaGt4ragG82	641
3AgqNxfJVLymV4CY6eZfzU4M5i8FbojjNk	641
bc1qh64tyh23dsx8p4rjpgktn8mv43jzqtxdnz75vx	641
39ee7Uuayw8BzPofvSrLvb5Zz7AZvtFVHC	641
1LZxiFvu757bLgowneFCS3TR3xihcDPZhJ	641
3KHZ8NmNzAzwAunpP4pfYCd7THx8VSi8KL	641
bc1qmjun9ah7cjs8ycq93q9dlxh7rw90ra3hsr86sl	641
bc1qrvm0mu4va77xmu5zmgwn5ymq5cjqsmmxn9syx3	641
3FTvJXtjrrCeuJsFQEzyT52S8qMK3zkM97	641
bc1qt37drrjjx7jq6gr3ffdf8w7u673uahrtqw787w	641
1CNCX9uBuXpEwUuGUmjYfjRnZzLshA5Qmt	641
bc1q7h0damlmavpdgafn8danfz7p3wxdmz8ytu903h	641
bc1q84rqmsv3tj74lw420wta2d5rth0a5ls66rldwm	641
1JESdc8BfYbLFMR6VUWfSSrgyzrY8RZAc5	641
1PS1yEdAtV6HsH4BoST3NzjEC5xMh3jxf4	641
1FeG6WAmxF5gBAnPUSQCEWYSWzKvy6VXZA	641
3A4dpvo8tqhdxpVhRK69fziSKHpXyPxLaQ	641
1KPEFAo8SqhQKDvT6k1apxMCUwmL5niBu	641
3LUnMNM5Q5eP2hCpzyoy8k3Q7CPxV2KV7d	641
1LzV8iz3GaAhk1wnrzVNtMx8YJipBAUvdx	641
bc1q8fdkdjj97lfwg0axfrjr4wkany86qc0y9tvn20	641
36UcNN2dkeEuo78wcQKFGs6YLbwawWFqa8	641
bc1qwvlrdj3kacjf52mfrrymqj0vz060xk827zglvz	641
bc1qeuu6rjdw585az7kjtcf52ec0xevvfh6vzmx8jz	641
1MTs1JLenRKWntuEuxEGaaMMQeDDKzMd6Q	641
16qK8uCS2fHy4sxoUQ1KyWR8AwKBP6cvTN	641
19JJuvYnx7CeSVAkpGKxjqv38KNRVMbKAv	641
19Z3vjq3c9iuWL53jarMepCmS1T1vrB7UT	641
12PjQTNXF6hNpTxRdXBorX15HaFyAeNKag	641
1Kyft1ighZNcGigS9zfjB4MHRsKMTiVKF8	641
1MjP9U911MN5cuxynmdiZWjbkaCUhuoC6J	641
bc1qp277k5kzhyvnpu0wyeyn5pjldaj8a75q0ctcd6	641
1AVRbkxrmQZxDjHhM9eyhRW9cib7wK6jPx	641
3FtiYdBmbyimeHTC2YwdzTui9ohbwaftvZ	641
1JDVdSCUBP8B6ToXN8xXSALa8SSzoMnEUD	641
1Eyp24PK1TByxGkqRBunRAdF21qs6j9Qkr	641
bc1qy4n7jv3g4mmwp9784dh5p6vq32aaswdgxctaxw	641
bc1qslppnmttuvtzl6m9hettcdpan8y43ewk65m4wp	641
bc1qstrlgh33t3ueh6yh9wxckqly5vz6lw8kkheaqx	641
1L8BorMX7Hkvra6LDh1ZXMeRxKKCJ3Zd9	641
17vuxJmTtia8RW5hZYfkaNZCEgmWMxuPLh	641
bc1qltgp05u7jhg64mdc95m8fs4q23322gm9k77saz	641
bc1qxhjmhlak5vw6nkzk88u5ey7yu7hgdmmvq8dk80	641
12Lzo2QnLLDDVAgNah7wPXSAE55ea6dWtp	641
1PBVb2vbmVa2GSAL6JvempjBr8ccgsukia	641
1GkBXSqaBJmKew4cmyNNef4yy6tqxPbkgr	641
bc1qeee8fmhwxjpkct2xx6t4nmf558s4cs44j48g0d	641
1EfLbkwR8zxGuu7rf9TtYwnnnSU3AdXqaH	641
1NPhv2K3Lh11QBrLUjmHj2qqEi21PDXASu	641
3Kquvj9zGw1zLaGX2EynEuHD2XuGkcXV81	641
13W4Q4KntJCxEsTQS4wHnSFuEpe2ax6bVG	641
17tGDR48o6TWiGDSMGQBEF57rHSN1NDdZN	641
39ir217sHASPuUtMZqDvmr8xtypABKsWT1	641
bc1q8g32l4dkypkxl2sqxkedw48z3vmgcmfhpmhe3y	641
bc1qzfs7fuv6wy4gsy3yvrm7aj9ge6akustckw6rh0	641
bc1qd6t42vhcahvwpultqf9fdqcf5l9mm9zv5krmxz	641
1FE8H3zZ4a1rGX732GW33PPs3BhrE444og	641
bc1qcv8vszxwlup46w6cwlpwxpx0xdh4rq82hw83qt	641
1CvxRX4WjSMx55PLqa4XsJr65tnyBca6VA	641
bc1qjzsd5dh606e93zag6zcx35wx8mgdpxma9ysedq	641
bc1qm55gh7s5lty9nfw2zr0gyku6l56s6szcp0kps8	641
33mbvRVr859tLECuKpd9RuVjnpXZnY9x38	641
1AHjEwA881E3Bbma8yc2Jwd9mFFfVN69jS	641
36QSnCmpndbfuCkZc8grgHVyvsZgj4zp1B	641
3ME3A2V2dpDyBDDU6SVRG1uh1crqxyZAQM	641
1AMqE5C3Miug5mVLFBNZXcorA1Cd5Ur3yn	641
1LAvXHAFpRKgszRR8BjdAUTEGRQg3DqnjE	641
1LfM4csRjHuBxCWxPKeY87e5SpsssszQJ9	641
1N9azZteg3dg1cPvf77iXWPJeFgr29uuFE	641
1P3UxQKiS8uacA1zKeab6qyX8XPVTgmSnn	641
1EiwGjERG9YsXnGjaCPNt8RvRxRBUGGHq6	641
1HebDXvotr71itvhBERPq4bDn5wNapUBpH	641
1AB5SKHobiZhKM34ivVQCe4ERsQ6FzseMq	641
1Csg1LVg1GTWtaCAaCqhSa3cVoJxUUzXkh	641
1Jnttkvbysne7i99eQPttvNckZ3Wf2MXu	641
18c1q642NdakxYB5L8y1V9C9RH4xVQ5ehx	641
bc1q4sg00909my5r0zh5x92frl4z7kqu6qvexszfr7	641
35xcxrprnZ88tWVCiQwg5VUcUYnR4vKad3	641
bc1qqatq626qevg8ycsv7s4vumdqw3pzqked8gczxt	641
37reesLX8wZhvYuGei6846o1RHpEYXYC1M	641
bc1qs3vuw8g00c2a07q4gm3rslaxw7l3lt3x4ffgnz	641
bc1q3hxymgv3dzulmtgm8p9vcxz70wfkus582s4805	641
1NDywDtyYHoMKSWTMqhWZNNqyCZChvSu9W	641
1LPxXAMg2b7rSjRHcFHjDrkK6Cuj264j4i	641
bc1qzlxkpfll0l0jc7ykn93uztgkpg72f6rw9r2ezq	641
bc1q2vum5290le7nq9v8q5txcxe8t2cke42wtmjd3s	641
bc1qsch9jfygp5a9ylv67ha0r9hkes3mnwupn89d93	641
3L2MirCKupeei4QK4Zo5TZ841MrbAygPQV	641
bc1qegyfe4c2lk6z2f33mek0jjva6mlfu30hgd4drj	641
1GEVuTngWCKEB61ay9Zko4WnB8D6seXsWa	641
14VWm3KeYdRtKPSRwwNx8b682Te3GsJbeS	641
bc1qnjwfshu77av5am8qxuluhcqgtu84xw9jqlcehy	641
17DtEtxpkPa2myvFUkzRovtLmQrcyzHtXa	641
1CEVs1jeFFPsqXCTLkpx4BPDwzkaFRspp2	641
16r4Bx49pjfSgYYU1fBKjC2aQ7whSf5qEj	641
1MWC9K7PxvHPBi4joHsrznwhkBEeqFDxkU	641
13XUetXdYKfoxY4vG8qoEeMSyqkpEfB4F3	641
1LypUrSFPXQRnvTkSuuDF19WnVyf7enAJu	641
bc1q0yvkkq88v7xex32fyx7c4734j5x0skxwz5a3nl	641
12B5w6ruh6tJw74t1VYjf6S4PHyu3X97yi	641
1M6bjXtH4xwifXPvXcqK7oH5EHVwAahkJz	641
17LTLbFvk73G6okzvDYEVTYe9tTjTRWFff	641
1HyaP1tnPNP1EZ5g66UhMkv19atb3mzge2	641
bc1q323pl3p45vyarewmyl8v9cymkg3ljml6rc8m7h	641
1KEKoqQ6x8mmCtAMHBpr8ZqJxRdYVtbueJ	641
1EdvTirboTLPC3fUy84AUbPYoHBMD9fLDu	641
1Fkmtd9c7ByGQcmowhtgDAyBeLQ1nndn3P	641
1J4exsyCv2aEQN6v7MaEBxhKEBHLdBHwvA	641
3QNuA8zPKZiXdfa4KoafCHutRYsBcZum3i	641
1EjBtTZn8hvrz8KzYvCgtKC9D5sPSdx551	641
19aiX4bww6VkELfBwwNgtSkCwKnpZpYN87	641
12augzD3o6kVmGgidhTwWj6zYTuP8vVpGi	641
bc1qzlfgd97mecvj4hs7qmajsm7kl7aqcq9u43ug8k	641
15eYGAH4dQ9TEYsq1DQspox5MzaHa8hXBv	641
1EviNazd8GazZwRsze6cdgqJJhsYUuG4jq	641
1GNUbw54EdjBSzL9hgpUMZwcGJCN4TDNGs	641
1JNTnGNzN3b7qBXqtuHd8uzdmRNk5q3TDf	641
3D87LguQTufMSrk2JXz7M9sPdakDyRy63Y	641
1NsTZP3v4ZTZDaHKBD16a6dzymicZGu1o5	641
1BNKuz4yA5ya1hVW4QG5uVoSvAZELMFN4q	641
39AnYrprj7qJ4JHqB8g8dAKsK3bo7UioH2	641
1HrxADuXxSm9pG6ySSGzQ7kx9k7HBrhm3x	641
3BY8jwxkF16oMp1fdG9XEcqdDu13f8zzVa	641
1NQbw7dZ8NpT6dRsjszSYA9vHpJfKZPoxU	641
15JXakmKeQxLEoN7ETkFfBSpCPbLKeqS2g	641
1K39YQ44vTBzrRsRPmo2VeiTN6qs4SUTJj	641
1K6ZEKyQgoPJAsLSAxmYU5uCWeR48VYPh6	641
16gFgpvNxz6xP5MwHnSZurxQH83hq96fh1	641
bc1qp8fzaf3teul8r3tgm0s2auay25t7pvw7lx2qhw	641
1HSt5gwKpaKgQcx8tMNyZ2ZCgqKfqPfme6	641
17zunJJ7Vi47MGXHY8QZeWVnZp7VE2uCiR	641
34c8J15hiJ9xaKxQXTjbjKRjbgLZGUgbkA	641
1FiaWwMVMYgFpxJeHX7ncSWNUZwjCaWV9Q	641
bc1qv226056luv4vxaakm6vr0mjtemf9rs0usu52fp	641
3QNbEMvSnY7KocLWQ41sEpvQkirWsNqAmF	641
bc1qrddv2y7f84de46kfql2ez8zz4hru3jynavg9x7	641
1MMCrt4v5cv7dHq71gYq5f5E3QYdUT5gsi	641
bc1qq7vszynzwgrq4k4lrgtjp0xytw3pe8nz47tyqd	641
bc1qwarlx9tjt69u69amjavjahcw7jh92ngjvd0shk	641
1Ji4rXKXxrxtC4rwXKUjmmhVgMPEr8YYL9	641
15meDHdffnoAZUcg8Zf852PfNyNdd1Vd6R	641
bc1qzhfxyqdpdv5c55vgkxydc63hdfyqpwk3wjar4v	641
bc1qdq00pd9ur6pq9m3sk2pe4m0kxf6pyggdxcth25	641
19fS5zK2cKKbaFtoViWCz1fy3LpA9bpWht	641
3JUgQ2EyJ3nDPnzK7uAXQEHEB3qUTxbThe	641
1AYAdjjVg3Ft1mcymdtQLSR2wuJehUGgmt	641
bc1qd8xvjk0w72gtxwrft9nt0rnfr7d7wul5zxn4yj	641
1AyVSL7qftEGKvK2S289Zwqs2Gavzptoi4	641
1PVaLBmkyNvEfDSd83ZnuPX1A7cnasUqF4	641
1NnZUSUCyagcNgseFJGrkFUKU2aQ7BY2b4	641
bc1q9e9qk9fc3akq6l5mkte4uddzpl0wru0zvqzp6k	641
186sLimc7X266kkKMQGhnqxZbz32ZunVuX	641
1CKsgDsG7zcKv7BkTMZiPwgSgJwJxkPdbV	641
bc1qjx7pgh624f3xelcq8dc8vc8nzqmq67xs70ac6p	641
bc1qf3k9k33lu4dmxeat49cmgmt0hjy4tth558gpd5	641
18fiGsqD4LFrE1FAA7bDkqEadUSSvyjCqd	641
16EpSQQZ1hF896Ds2J98p8tvef7AiecPkS	641
16TCEyJqKWMyuqkR88XMVfChnn66wjCXZz	641
1LE6VjHhVRA9UuZVsCNEi177bzgy6cFnzS	641
12KJJycWqLzLZkWjwBimBKZgSN5CTt5W8e	641
bc1qqt2m4kdpzyyn6257nsyhvqafn9lplvyxgfad7u	641
1L7f2qwURHY2huHTk4oyGxBPUQnmdBK1U8	641
bc1qp8qaw2y9u7p6fnmltv4md8xjn9efdhx0mgftyr	641
bc1qs43wzyjj9pp29w6sqevu790558c85vwhylcvgr	641
1Pc2SaSAGVduFqivhk6iJ61ARzG42Mc31u	641
1MzNt2x5hYZP6afK6zPeVYRQTJrxVAUCAg	641
19aWQKo5ZZ1WJvr6gD3eMmV7tzeHrJE9BE	641
15kWWyrDN5cBkCcMCfH8HHvjWh1XG3b9nN	641
17ejHoyHoCL1DsRNSv6DRPP7rGqdbg1Q24	641
bc1q9espaa8nldd75ptyphcshu9sxpcsdkv8ht2m9r	641
bc1qd85r3mm2x7ttkyweu9y94p76z78ydzwv7f56uu	641
bc1q3p32nukjsr8qnukpn3225p0587f2f0wulfqev3	641
19Fue6frWGPts3pKsowY7hdQtAUkQ5JT4N	641
189fkPLTQbqZdbePBpQxeqrDmH672Kbf2p	641
bc1qs85l2ljxstjmqmd4etra3t73ytv8uaja0tqt9d	641
bc1qcz75e524g9atn9xel3dcneyk5slc4ksjycrrsa	641
1KE1DLhBok78FVnTMBS7NNkamPh5ixRW3V	641
1FKDpT6BePMLRmezBh9xVDSXrFHnZ6o42z	641
1PVoYAjsLyfER5t4LrwDw76Szc7N3LHiQc	641
bc1q3xrg6eh9yqklg9s3mwxzjndpt67pvyph068akw	641
bc1quca6flg8vl9wlgcqtrukrmtnd6nj2e6euqevmq	641
bc1qn9dcgk5fhxxtxr20l80e5pu07pz3sgzjgwrdp0	641
3MdognyFmhSBHf2s1ecxJN74qhgeVywgWw	641
3MkHZvFrrBVqMQULs3f1sc1FpT5bVezmnr	641
17kUSth8Gn3GFbg48yX6hoiPqsTxF2yTNB	641
1Nk4iRB8EUcFynaZPgy7WtmJhpkx5ob5Df	641
1LbnJ8M9UAJdjkBxQm6sBb5TPPoeX56Gg	641
138Ff4vJiwq6tCcY9yPrws21ANzTEVYNMQ	641
13giTy8n29ds6apUUthuyuANse44mWFGDg	641
bc1qc9ys922fpeeuaykmxfu4e8z96gdh73zdgvgqt3	641
166ffWTNr4W1VQgwTC3uXh7htbwjGoRDQC	641
bc1qum89jrmhjaejjhul0ksall2hmzlke8fuuwz4pk	641
1M4myKmffaKAut15zEmp3udWhNLpZhP6Qd	641
1B9mSYX2U61kTx7niTTZPhQ2NCNxn8FkM6	641
12khNVUwqeq1QdCT1B49w6pa9AAjZZPtT6	641
1qcFzuAuYCwoEwKdmox6vsK7WvQT5hPUq	641
14SLXEPXy4x8L18rZQEyrFcoC2wSChevcp	641
15JUDFdfcwoQoFBKfn7BHWx6npx8kb8g35	641
1CYQsTABogt6HKfbsDkUGm9cwLSY9nem8u	641
187i6tBa6rcALxrZwzQLnLt85FmDQj8Qrt	641
13Ppdof8a4ytHT7SXwtqKpRe8TVrbUcL9W	641
bc1qg0nme9grmgkynudvm6wl5mjlrq6y5xrq8zy8gy	641
15bDa5EoK1XV719qRFq5rSxxGnESAfGB5a	641
bc1q3y98ud4626sfls7dkr94st69g5ncrd9zkyn4a7	641
1AE9gZ1RiRersHKaeZt88rWwiiDkovZL1v	641
1GNPbckB2xJChcP81janwaco6y5cYjuwEu	641
19S5Xdd6cy2WeaB3bvj9DWXZyYxPhYnGyT	641
1C8Y4R1rXcwAk1htSjG6ND8zzgtRozSKpC	641
bc1qgp9zg6z5wvxujqahx2y8ped9gtqf4qtc5d9cdr	641
bc1qzek0kpaf8v3rk7gex5av37cxcunf6ryhe87ryd	641
3FF7vsMknEk9xSFJko5tNWCvcTis9LcQhN	641
bc1q9axvnp3mee7hfrthqslpxpzncfj47ty9wwdlev	641
1LvMyGTi1UXY7pNt4ieeooXcsT8GJM2zy8	641
1Lk7kLwfy9ffDNUHVN6zgWCj8S2RKK1rRY	641
1GS5DDGTdHSiGDcnCJp254uGGzN1B2zvTd	641
16GduCbTaPWrcYySo9iRB54Y1DdRnmBDaf	641
bc1q8urt7qfq9gsg8cgufve9p0ev495eau57qcy764	641
3HogyDSaRuad5LEdFh4TPyHhqegRJf2hGF	641
1GAvFm2N2o2ngP3UYw2ArrEv3GTSaQRJZJ	641
1MUfyseCYukhHSf9QRQXZdFejwaG2YE8Yc	641
bc1q9hwq4m6w2qkea6g9f456wfwv8x7zvey3zcsnq6	641
bc1qqr2tj9fh5ptn0v63tlru9crwq2per0r0klwjvc	641
1NE5JftnRvpLFRSMkC1z3GP23i5QZanc9E	641
bc1qvd3y5qysk8gcx7dskr5nke357xmuyhffwenlgp	641
1CVQDbiPZcy9HKiv3kMXBsUexcXaeHigpF	641
16Rwb2iyjLrUjBpo7X351ExfbaLGV1i1oS	641
19GZJyo883bLhQwuGhnaw1UVk8QaeZ11X9	641
1B6DRb5YNw1QN3ASmaJqjTiyCnPykaAwjk	641
328PpMb5Yuhqdn5tX3d37148bANZGc6SS5	641
1BxP8v3zy4dKSnHi3wzhHkMHgF7cW1jRUZ	641
19VUycGzWh1zFepVK7f4NG3w1xSvMbLysR	641
bc1qc78kl4hrsdwwr4z6zgp8zrstajaldseqy4teks	641
15c32uqaqKhY8wo6dUpEKKYwKiD5kJVtgn	641
17UjYKMyPsQZ84a9KAmKmBMphK1JMFBxtX	641
1Dc2cPmhWbn3QaGRH5ZDZK6A1gpJ7cp4U1	641
bc1qfw8wdg97wv5cyqeyhqphn0u2lyr0r87za03xcy	641
1FSyWis2RNRgqkL6JZ3jCZoNf9atpzL2kB	641
17xJ3vBNYisBhZYKxxZrxGnjxyrL9Bsoc5	641
1DTCknjiGDYEPv9q9mvdR9s7bQF1Gsp5BD	641
175YE1PLA37qGaWvUPNK4TfSesG3w1ysUf	641
bc1q6svx9fx4qmnvmxpwp7n9vf2n7k92tps90vfglq	641
1DfeuNjSpuGNp5P9xFpYms7nK9QUmvPpo1	641
3H5PT6GQcYqjSi8vgatxE1syar7pm5Zmix	641
1DAiVpgqWh5fmxL8cgmp4hvGb8WrGsNPca	641
123JQNDsgZfeGJSTPrCZyKg9xGQx6kfUGW	641
1KUjWKcMKAjbmJ9Ri9YuYaySxDixrF8GDV	641
bc1qtwkrwrxe3uu4ezkkzkuw7axmzz8wl6jxtywqc4	641
1ASJ7TNsXcArreQA5y4NmyK9fD3JzLENzE	641
1FD6UK1jphcxJq3qfD8DnQ6N6zSsGCHy87	641
1xakPgtCJugQnrv9X2GffNVQYnyE7hFj3	641
32yjvTKauWPe1he5UwN7bMvce7ec1V4rpN	641
1P3mKE4CuZkTJVz4xQ8Y5FZmnLVG7fAGBv	641
bc1q0kd9z8g2v2xxugk5xew9gc5zkj2xulaydgtmlf	641
1AP1uNopjCU2bph8S3ZYVBJa3HZy4NYpXr	641
bc1q52y2tzt37dgkqmcapu2zvfreu30qz7swh5ex80	641
1Dnq6S41UZ5SxqXZad6v8uEP5dPseuycWn	641
18WqcvyZUJpxwUfLJAmQYUYnRaudKzuPVm	641
1Fen3wS7CUmrPQy4oRfsdicah6WErcgr77	641
1K83qfgtGg2KFBnmhwEvjXo23wR8auj4xr	641
1KftzGJL7JWBhS5xJLmMGALLrXToZ3xMEo	641
1KZ5rpnGiyiAHY7BPgHzdKDPx3k9GhpTbx	641
1JP6wYMtXkeBZc16nudt8zVpNW5iykraTE	641
bc1qly2sdzvwzj5g9jenr6dj6jeq8a8q6r25adnnyk	641
15vAjAGXC4Gt5yW8x7MVxd7AQooZ3UiDbL	641
1EvWRQ8GbjBV3gCpnDjQRw3Ap6PKZnpF1w	641
1MAc5cMdSiKvVEWzg3SmRmwGXHV7FZePte	641
3KPbv3EjxupN7MQh2btJfksv6KjYCtV4su	641
bc1qehdregkmxs6v3augprnazmv2rx0jyflkrdwe95	641
bc1qx45xn77qm626z778zylhvhn487fpv32m3xad70	641
18gaLEckepFcUdXmh3dXJ1ECDCsjgykWHE	641
bc1qjynlea08mp5fuzupzjxwf4ve6padasn2lrva5f	641
1A82w2iGfpf6R6HHPXdxA1Wox7Xai54YPy	641
19rBxaP7tRLcNx8FxHUjk9kA7TDFwWRVaW	641
1FfmfRs1xhHpN1pFm7hGN3DCSzCSQRXNj4	641
bc1qvaeu8vjt8my5j2m9ef8gd8mpzha9vr87wrgdwu	641
17EtTfMG3hwEWky4QrPVQeCB47qQDtRQ3p	641
bc1qpsvdal5vjqrlacg0e2dgzafmgcvrewt7mjztds	641
14Led7aguvLPmqvmSF3fr3fp7MtSkRXWXC	641
134sByaoA2rZ8Ux1rXa66ktXeaJvNwN9L7	641
1MzHWj8Pg3JKgFhGJ9yTBmgNUMG21eUYdZ	641
1HQZf2UxXid9b4sb54hJ2uLwNDy9mY2UtS	641
3JroqUR5Vc7oh3JvdeGoJBHTTKKAUBa2Xw	641
bc1q7rdfc849jmy3ptvvkvyhjyfpv5thy30gmc46ka	641
1DYpEuFMLLv7XpfUVZ2W3iYZVEzNuvwuTX	641
1FF9BXzJuY8sExNTcYYFuQrFsjbSfv6vNw	641
bc1qt49eg7e7aflt8r3yf2t9cwpwsf0qrc4y79jmc7	641
1AWaDG28R32L2TqkwXLKsMeHjRe5QUQFBE	641
1KFSdgrGcmvpeXKE5PB1TZcHdiTYtmfLzZ	641
1J35aPRdx5JeL6CWVQ3Mn4wZWPgfY7mdiN	641
1PEJ7KENZLf2c4bTe22mzkgpHxRD3Ny1rT	641
bc1q5e4wk4v9dhmkcquf4vdrcsn49d3w8ehny3v8a0	641
1CL2QYiFrv24mBLq4P1vAwoD1yeMKRsXiy	641
12w5Mkph44KBTw1aZue1gdGfKJP7zxYk5s	641
bc1qzq7qk3yzw060zh20dz8sqpvngmymng08hqxfyc	641
32uBu6586pfUwvhMtC2qYDPppaidzX1WQz	641
1KzhtPCuhPAFox3kpSUnK7YhB4yBssprYj	641
1J77ke2No3RWztAMZhK965W4aNoVh4mtLC	641
bc1qfwv6hmarnpu8d7yamkazrve0dkzl9l8g73pcz0	641
1J7uQpqGZiNL3Ly5CQw1sAgTsqvFWv4iJu	641
1GbxvQi8EniKcf1NVPouvLUeMBcUyBECeM	641
19Z9aMxxnpkxc38ZF2Fmb9Ff824jvKHuip	641
bc1qlytsffd8h657wum7gm3czjj7ph77s0wsgfhtfc	641
18Pv522CJhvEqnp3eNKqzT5uDnm4UqWGHE	641
1DkdAfRn3eZGHrKNNfsLnDxqbyHNTfHZ3a	641
3Q4KumjGQgiE9bzv4wQZnhr5XkdtVMC9CC	641
1HQwSZwKHAbCyhqVCYpiHKLEcaLyEGPQCb	641
1AHvVP8Q7KVuWkFFPPYo38Vg4iev7HM64w	641
1JsnayULiRhjXrrtfKYkJL4v5TNfPZYLb4	641
1KtiPK5qXqpkruSt2E7VPBrqFV44efPrAq	641
3DZTakB4Er7G7KxNtwxcACUqQq8WDNYAp7	641
14b5CFVb3rfwXVpApoWqnbcAeYgBSyJ7bg	641
1jxJ524QViYdRdxG47s5HWEnAxSPMp4bT	641
1CVSFMKWyAUSSrh8xYhmwYruDeLrMvSK99	641
bc1qrkw0rg5apa76dhqmn6fpzea2nsezu7punm7xjm	641
17k8trxELccwcZqYqS4cy13dH5u2JqNp2j	641
12DZtSdrnRdAMy3rSDPPBNP1JTA3cUkkqR	641
147k5gsxytuooR7AHKdqqjU5Qrxbp6KATV	641
1Q6uJz42fLpncjmb5Ek8NrnU8zRHAM5FKi	641
1K7xs3KBxmFnmRNQG2iXp3Xax6Twp6AmnS	641
bc1qh66xw9k4smwurjteq3tanjazhauerggp2gx6e4	641
1MdcQfm8FNqcjdtdoe8gLSXDG3rsEr7X85	641
1LkP5xJwAXtsyj9idAbxUtRw6HgpcvYqY1	641
bc1qfrx9m46k9ew8gj8th9w6xnv2jt57q8ce7lr2f5	641
bc1q7vskq4t89xj7rkkrmhnkslucnt3paj2atkwajw	641
bc1qg6phtv2n9uqek5sl6pm75xly9pv0ddchjd79a5	641
bc1qyu8gj28fkj7fret39emve6k5cyqzlep080vvhj	641
14QqcHVJvHEyLjBwYxqQewKTda6Qmx3UNd	641
18Jw1QmxUqd2xViJat81UY4Fg8whjAF1DK	641
3A8KBjDDyefJtFyFe2CGSnsV7fUufqhamr	641
13UCnBhioDzvTV1U8rHmJKSF1Y6Vf4KSPF	641
1B7NBsWAyJwM4ypuvKLyq4SiaEjfZViZZf	641
1EM5W2ZLARXNAUSRxRmFxVgU9nKSCDMUcM	641
1BPqTUFt57rDzgYZjTk4nxPfrnP86pd8hp	641
1KJzWoSo8nDksQHGFGwzfGNUsn3LHADisJ	641
3QD9PLRVdtbstkwNeodW7f5UHPuFj3jfpH	641
bc1q76t4zdtwg2vg3h652yjauvru40np3lzj5h5q2r	641
13F6XdZH8BWbFaaPvZyv3PPJREEMkagoZh	641
bc1qwdm0eaf9f6frj4qhwsqf2fp40ct4lktjxp7n7s	641
15iWHoewBsr5vvqJ2kMCRgaefFkbEfvntU	641
145EeDXqNJ2vWpEeTtoDcn84KF4Nx3woMp	641
12JtQxSeyRXebBa8VSR8yrWMvyxx1my3Ri	641
1KC6doXR2rpfufKk88DqpVPaFXdhxwPRyb	641
15yJf8QBxZ1x5uhZqXHTTA5bVHGsiEzW2k	641
1Jx9aaukASb1wLTm3pEV6c4mAaHWsPTZdo	641
171CVUpasSmaNyhtNuMWkZupp7mAeDKBXE	641
1FG4cZZpSHWGkTBPr2QoVUDSEQFU65py7p	641
1PSQsHHLtM9dzyhwJSeuqgdqJp8hhXgxYo	641
3HFjmkdBV4w8C3ExeaEL6kdt4LBM1UAcqm	641
1FunjMb3WevanmE3XwwtEF8Pr19qqDhJkq	641
1KUyAV4DHvvWD5PzU2UwNwiXJ6NUVNNXHZ	641
1FG7f14dGFVid56MEXZsBjzPgbfWiRA8K6	641
bc1qp2xk2640avaly5u5gk02rlysrudd0fwx58m663	641
1PRsmejCTNp6PvxtwLunNQMq6g4pSAUNYu	641
159QF6Yv6p7jSePGPCuGbFaJp2vi54DkJG	641
1BkXEzhwyt6SH8ridoURETmcCYjiXd7wAy	641
1L3MemzbjTBcPrv5sxep9jGhF2pZE1CPPN	641
3MxWuHTyAUEQdT45koZLv5Nh5nJnoYEVxd	641
1NHi4cysbdvF9a4sZz1Y549vXVVDwznmLy	641
bc1qgakjs4nk75gckk5qmwwynlqaktrhh9qm0prpcm	641
3GEJTUz9jprK1ZaEbm99N2gzAW44Ff3TXw	641
1MgNikzU3Vb6XRdXgJ81W3zYqwqzwrHuiz	641
1K8htXDPN7TnJpdghFJR6UNJDTVe7eT6TJ	641
19dytGvNeUe6vEFVc89Kt5U22WVY7fdXiV	641
1Aqii4Afu5YwLBHDzuJwGoTYfNL1YSLMQ5	641
18kngCwdDGQrGE4hDGpPiA3noeCDTwRth2	641
1AuVofLztrYNbSfY1BBe1G1oct2fc1a7Tb	641
1CYVy96tFSNEZhF4MMTETSwZt3n5K7EBcJ	641
bc1q5hqedgz635zxr90y7jlugj0cutfflw684suvm2	641
1Hh4SUurgguLLc3AfTsjcKvjbkLsLGjYPq	641
1JNycGeCfbVspm143p9L9aYeNx4ko8Y4aV	641
1M4ubA39vetCaQNWXryXWP4ZvGW2Q7JWAz	641
bc1qvpsw9h9smaaeynnzdqhnq9u8ze8ffak3029tux	641
bc1q8dmdg7r0ulu3sw767379ham2kfdap5clgk8tgc	641
16gxvnBwk1MSnRC7CeFQDGEva4edNJzCVo	641
1AE3JhBTiB8yUbuocGQUmXM8MAtYe132tK	641
bc1qzxueunrt7h988re9270eap0m3aeudvupa2gl7t	641
13KNkMckyNX7aN3fdwEkfbfkD2Kq83S8NB	641
1HzWXXboKwg6AA5Di4A8VKnuYgje3Q4zeF	641
bc1q8u2h2jpeqv5wvgghzshqw9uewdem4ua4psjwjy	641
bc1qcms0lhk2gtdsm4xndan38lcj86nnfk0rzaae9q	641
1Bq9SctLFJcXAw9VTCSGgSB2SHTVMAP9kS	641
1Hfz1wQ4YaXmXGdcG6gsHiPiFNaJwzgLYW	641
1PyJUq78k8fpia85qsPDQ7HJX7WaSWjKcF	641
bc1qewtr093uvqc46c0drltduw4vpv52v3klcr023z	641
1BgeW7NgQfH9WPjXs412eZKtXMRndyNwN3	641
1JrFAVrQnso27aBebx7bk6WvUYjaFqskVN	641
1KhhDLfnhgaKqftCaZsjBALcpcANGJdQLB	641
14VpvqYPkrpNMUw3UtvKYYY6sQW7MyHco8	641
3NWkURsHbNvvwhhS5Gt7fhBXJPVrWgLFTL	641
1AWdJ6CKNyc3wrWHpemWCS8K66G2ThT3Bv	641
bc1q6rx7a7mvjshf5nfjq8lr75j8p9rk05lmjuxlla	641
138i1WKeUdPfzwJwztjyB7t6yG5TM6RNjT	641
1Hcjt9cWR21jETsRZ5scNP2ngYHw5gwR17	641
bc1qgrp2snuacusk8hkvr6296sgcw77qcpec0llkd5	641
1CD7Q3uY8KmnBLAbdqpyrj7jQrWCyrWz8Q	641
1LxCAHsHaZBGURyNXfZf2wwuJyMesb1K38	641
1DyYZQbz6vn8w8Pg51Mr35Yz2uvjCkWkfH	641
15FB51UXkayf3QEDskDZSWkz4H7X1zcfJb	641
1PWEchtUTuHzStWi2GWML1dhU9UCpJjSV2	641
bc1q8za3wxlm9u4745lm0vaqwayt9g4jgm68uu27z8	641
bc1qzg6jc8mug0aenycl4ha476e4medvjxusw689zy	641
bc1qs3shh5jtp0zn9aqdp9093jy040e6fmxmglmr25	641
1Mn3EezdzSp5xekxLFxZ5vKRFb1hJeaJiz	641
1BdhsQ1s99fksXSsqi7eXiHYLVKAEqyFVy	641
1BZUDEThJXKBzmG3YDXWT8vCHth5gMD4Dg	641
1GGcFUow66KdCRfc2NwQQJMHUP5G9NNw8k	641
13dEo2h1vhx1EzXngnPh9e67JdXAp9JCN4	641
14Zocp7NYs74nKm5vqqBzZuHqkzSwvw3VN	641
16LWso4U7ygLPSNEVVkRAhytnKFxFoese1	641
1KNU9BAppZX5ZUxza39z7TLieKD9UD5ZdD	641
3NPdYUH9ntDABB955vDaX88THVXULRxqyH	641
3E37Qc8NwiASHw677YEqaSZuMV8cGZSDrA	641
16dSaJ39NzK2zHKpjhqeRYyySE45EwUMqy	641
1LTQwPzSJXCdfKm6fwauqqmRfX9NXo9MgK	641
16Bp52KTpztC4Rz163hwAk4of5JXp6svHy	641
1MKGvRDfPGLMxdBHPsfoURCv83gogbTkQi	641
bc1qsa9pcr3tk9gn0g3fwlvr5t3877udkv620c4996	641
bc1qn4xhcxk8ren9nz92l24tpu2yzpshc386u8nhsh	641
37B7pjnYX4BapPCAsvM7PwoGVfs4a2WQnQ	641
3MkBE9eaJgFK5UJxKVDrcL1AiwTuMdEx2g	641
1HGp5nH8Eod6foYvrfD2ZQTkSwuK1NqaaN	641
18Qj1FCF3As9a1q7mfY4p6azJGAV3HYkEg	641
1KKenxf75urxHcMrMsP2N6ms7WZn4zSCdQ	641
142qyxh6UzSBqKg5JSoCg3WmTpVggMY896	641
15FsqTsBxfXJYxse3zcxmXnvsqPmpbbzQi	641
1KfgfzacKCUmYHuwKhjVLJa6FMzuFBSR9s	641
bc1qy6gat4q062pd9fd4f2nw28qpcu36aqtjc9gkcy	641
14UbdR9mLDrGBwJoq5x4uAhQXp6rh42jaY	641
bc1qz9ktd0tgyllqtesxt8uw0hehg4l7vzks4x229a	641
1DmGZwW22KSbeJdXRz7GXpmJU61azc27PE	641
